,CustomerID,Age,Gender,Location,IncomeLevel,SignupDate
0,9207fa75-5758-48d1-94ad-19c041e0520f,51.0,Female,Jensenberg,Low,2022-11-17
1,5fb09cd8-a473-46f7-80bd-6e49cf509078,45.0,Female,Castilloport,High,2020-07-21
2,c139496e-cc89-498a-bd90-1fb4627b6cff,37.0,Male,Lake Jennifertown,Unknown,2021-01-01
3,50118139-7264-428f-81cc-a25fddc5d6dd,44.0,Male,Port Carl,Medium,2024-06-10
4,7d1f2bbc-8d16-4fbc-9b37-ece3324e8ed4,50.0,Female,Jessebury,High,2023-08-24
5,2de49c7c-32ae-4ba8-b058-622a090d7094,53.0,Female,Emilyville,Low,2022-02-13
6,89f7de44-e592-43c6-b033-bcbcf24088ba,45.0,Female,South Derekbury,High,2019-12-08
7,9f2128cd-2f2b-4f71-987c-29fd045021f0,45.0,Female,Lake Erin,Medium,2022-04-26
8,fbcd7128-ce04-4799-8c1c-722330507b96,45.0,Female,New Reginabury,Unknown,2022-04-17
9,40f5a5dd-a46f-4a5e-8c0f-fe04389ddec8,45.0,Female,Mariaberg,High,2024-02-18
10,c96a5ee9-f1a6-416a-adc6-1c8b128c7399,68.0,Male,Hansontown,High,2020-09-17
11,7f87735e-2345-4e9f-84e9-149fc0f168f7,45.0,Female,Sheilabury,High,2022-08-12
12,aae60ad7-5553-4d10-a637-93d5dcc98e4a,45.0,Male,Brownfort,Low,2021-12-02
13,8602d631-457c-49c1-8b59-8efb2a4448d4,51.0,Male,East Keithville,High,2022-04-17
14,dc7f151c-dd0b-44b7-9ea2-ab684e50d463,45.0,Male,East Alexandra,Low,2019-08-05
15,56f11a95-76f1-4a97-b38f-db1dc95da1ed,59.0,Female,East Nathan,Medium,2020-01-02
16,3f520998-2bc4-4f38-af82-5ab2de339984,59.0,Female,Smithside,High,2023-10-06
17,b2f4c25e-be11-4912-9d14-5c288616e56e,29.0,Male,South Timothyhaven,High,2023-07-09
18,8de7560f-370d-4cfd-8135-20a3de237264,31.0,Female,Colemanstad,Low,2020-12-01
19,fcb513ca-6a74-4745-b855-6cc3e891cc02,53.0,Female,East Stuart,Medium,2022-01-09
20,9fc2bfa2-6dd0-4557-883b-18c88361a277,24.0,Female,North Kelly,Medium,2023-06-09
21,30ac13c2-740f-4650-a33b-2fe3c5a6adc2,49.0,Male,Morenoville,Low,2020-09-19
22,981deb70-b1e1-4d06-a2b3-489bec80c7e9,29.0,Male,Robertborough,Low,2023-12-16
23,fd63f236-3ec3-401d-9fa1-53bda0bd7c0e,45.0,Male,Thomasbury,Low,2021-05-29
24,8704391b-7a78-454a-a257-cefaa907d324,65.0,Male,Sherryborough,High,2022-10-02
25,2577a150-d45a-4a04-b9e5-312e050d6f68,45.0,Male,Port Scott,High,2023-02-23
26,2fa0a6aa-a9cc-46ad-b567-e26976a98234,53.0,Male,Gonzalezshire,High,2022-08-06
27,23b3aa96-cec0-4964-8176-98ce984158a8,64.0,Female,West Pamborough,Low,2020-01-30
28,45fd78bb-ce7d-49b2-a43f-c418abc621d7,52.0,Male,East Tonya,Medium,2023-07-30
29,c56a1423-e1b0-45c1-974a-55f5fa029c88,61.0,Male,South Kim,Medium,2022-08-13
30,ef562111-91d8-47bc-a2b1-d6622604fd3d,61.0,Female,Loganbury,Low,2020-10-05
31,24c99886-9e2e-4b95-a28d-6a809ddf8447,47.0,Male,South Rachelview,Low,2021-10-15
32,88c11bb5-495a-4fa4-9dca-ba16c044b52f,29.0,Male,Cruzville,Unknown,2022-01-03
33,249a52ef-4f20-4035-ade0-4855537d75a2,25.0,Female,Port Dillonstad,Unknown,2021-08-11
34,fceafdf4-01c9-44dc-9978-b601bd35de86,45.0,Male,West Andrea,High,2022-12-29
35,b79b5054-0141-4007-8a24-fca072355faf,18.0,Female,East Samanthaview,High,2020-04-07
36,62a8fa58-109b-4f81-a035-ba7ce2b39f38,19.0,Male,New Margaret,Low,2023-04-15
37,0cdab4e0-134c-41c2-b737-34b1bab1a96a,68.0,Female,Amandaburgh,Low,2019-08-16
38,36bc83c7-adc6-45b8-960d-685e9d19661e,32.0,Female,New Annafort,Medium,2020-01-21
39,f06d1c8c-b764-4881-945e-580ba05f4e7f,23.0,Male,Cervantesbury,Low,2021-06-08
40,96a87ecb-2f53-4c22-8507-13c3cfd6d85a,40.0,Male,North Christopher,Medium,2019-09-26
41,be148fdc-ceb4-4b47-9f09-219b96803d11,63.0,Male,West Edwardhaven,Medium,2024-05-04
42,a800ccba-e1ca-4f52-ad9f-14f3432699c9,45.0,Male,Randyton,Unknown,2022-10-16
43,bd2ce275-8d35-4a95-8812-2e012d3ece09,44.0,Female,Scottside,Medium,2022-11-20
44,3151b4f8-afe8-405a-b152-aa1cc8616f05,64.0,Male,East Brianfort,Low,2024-02-06
45,703ac047-6c29-4d13-8ab3-373a4df6c98c,54.0,Female,Duranchester,Low,2023-10-20
46,2f3e0093-5f1f-493e-abc3-80fb29363656,68.0,Female,North Luke,High,2020-09-24
47,013c4cd9-1d0f-4004-8772-065ab426d105,39.0,Male,South Jamesburgh,Medium,2022-08-24
48,b1d6a46b-214c-4592-9688-82d0fd977bb2,68.0,Female,North Cindyhaven,Low,2020-06-28
49,7ab3863d-017c-4f63-93a2-4728b714a8fd,33.0,Male,North Leslie,Low,2022-04-03
50,b6af124a-7396-46fb-b57e-bea31cd86b5c,51.0,Female,East Joshua,Low,2021-04-28
51,d91e9fd4-1922-4b2c-b958-0401ebbc6e48,52.0,Female,East Katie,Low,2021-10-26
52,ea3a479e-5284-4aac-9486-036c404ecdb5,64.0,Female,Mariaside,High,2023-11-03
53,d20f21c5-a3c3-40c6-8451-9869c58a48c0,63.0,Male,Harrisburgh,Low,2020-08-06
54,c9f831b4-43cf-4ed9-9b47-09542e239c70,53.0,Female,East Ryanbury,Medium,2023-10-12
55,987f285b-7246-48bb-a73d-d48bfcb97bcd,68.0,Male,Lake Stephanie,Medium,2024-06-07
56,348c5ab5-992d-4780-ba71-d1a5e3818191,46.0,Female,New Jesseside,Low,2023-09-24
57,42d3c5b0-ec77-4567-b66c-449783077049,65.0,Female,Kristopherfort,High,2022-09-22
58,230c7314-8729-4043-a486-7b0110e235b1,46.0,Male,East Michael,High,2019-08-22
59,51011001-3f94-45eb-9456-27bb4754f2f5,68.0,Male,Lake Nathan,High,2021-08-04
60,9ece1b55-20b8-4d22-9d6a-bd54a7374e5b,25.0,Female,Jennifermouth,Low,2019-10-24
61,3961c9cd-9e5c-45b4-9d85-7614fd1b8323,45.0,Female,Port Juliaburgh,High,2019-10-25
62,4b54cb6f-865e-486f-ae13-f963b85c54fb,58.0,Female,Jeremyberg,Low,2023-09-17
63,e8a5fdb8-fcd9-450c-9635-e376266c8bcf,48.0,Female,Robinburgh,High,2024-06-08
64,52303d17-9d24-4c20-89e3-7bcfa92140c9,68.0,Male,Spencermouth,Unknown,2022-06-25
65,5bd86a09-03ee-4de7-bb87-7411f34e19cb,22.0,Male,Jeanville,Unknown,2023-10-23
66,f381038c-b3ed-4561-84b1-0f60d4afb6c9,39.0,Male,New Diana,Unknown,2023-05-12
67,f43422cc-a731-4574-a05d-9adf4dd4bea4,54.0,Female,Huberfurt,Low,2023-01-03
68,92a23695-98ec-457e-906c-b6627ef55b45,28.0,Female,Lake Cameron,Low,2020-10-28
69,6fd7c547-70cf-41a8-b6b4-07a1d66f80ff,39.0,Female,Lake Allisonmouth,High,2020-10-21
70,c38e6ca5-eac5-4f80-8f80-ef7f21fad135,45.0,Female,North Ryanfort,High,2023-04-09
71,30dc519a-a52c-465c-8678-8110e7bd13ed,37.0,Male,Port Brandonmouth,High,2022-08-20
72,7a461a97-18fd-4686-ab3f-adaded72069d,68.0,Male,Pageside,High,2024-04-16
73,c30de55f-687c-46f5-bbd2-a9e73d2d138d,44.0,Male,Harringtontown,Medium,2023-07-07
74,a4c9847c-dd0b-4b8d-83a8-c59968f274d7,19.0,Female,Christopherhaven,High,2021-02-12
75,d6d22cf1-649a-4b97-9a9b-8ebc1ebe89c9,34.0,Female,Wilkersonbury,High,2023-07-10
76,e8cbd1fc-5d2d-472a-8c68-8283bb58c8ae,26.0,Male,Latoyaville,Low,2019-12-23
77,2a8b0748-3a77-47ec-a6e9-c8c191b39d62,64.0,Male,Amyside,Medium,2022-07-11
78,b26cfb17-237a-4b24-978e-b2afa4e3d741,23.0,Male,New Edwin,Medium,2023-10-18
79,cea94c78-1035-424f-b9e4-b1411222814b,48.0,Male,Collinsberg,Low,2021-11-12
80,afc2a89b-0b66-4b13-83d0-54cc54e5dae0,36.0,Female,Jacobview,High,2021-09-27
81,f7df3c81-3e6b-43c8-ae1c-c7b51cfcf21a,21.0,Male,South Julia,Medium,2022-12-10
82,a9afbefb-532c-4572-94ab-257bdbd4ca08,54.0,Female,Cynthiafort,High,2019-10-18
83,ce641770-fe31-4320-a990-6727108bc6fe,45.0,Female,Garrettmouth,Medium,2023-03-16
84,05abacfa-de8a-4606-a35d-7487ed7554c7,56.0,Female,South Tammy,Medium,2023-01-22
85,9bd23b55-cbc0-4082-ae18-916ea8895c07,45.0,Male,Kimberlyview,Low,2024-01-26
86,c8fd7478-dd48-479d-a9a7-1cf0e94ecbc3,62.0,Male,Adamsshire,Low,2023-02-10
87,b3f61584-004b-49fb-a843-fa05c119beea,25.0,Female,Richardchester,Low,2022-12-28
88,f2ae0761-35fa-44a8-ac81-e607e89611ef,31.0,Male,Stevenfurt,Medium,2024-05-01
89,8a34badc-d3bc-464a-8687-d6bd3bb08215,67.0,Female,New Russell,High,2020-09-22
90,9915aa87-c969-460b-844c-f57548662f88,53.0,Female,Jackmouth,Medium,2022-02-21
91,ec42fc84-51a4-4f32-971a-132852d4fe36,45.0,Male,Michaelborough,Low,2022-04-23
92,841aff12-c7aa-4208-868b-2455ba9f642c,45.0,Male,Port Williamhaven,Medium,2023-03-06
93,fa51f8d8-92c4-4b55-b33d-dc7f1eae4792,27.0,Female,Calebstad,High,2019-07-06
94,c3575491-5c91-4a46-a63b-506bc3395c62,50.0,Female,Port Timothyfort,Medium,2022-01-17
95,2ab68bd2-8796-475c-ac9b-835e790ea9dd,54.0,Female,Port Ashley,Medium,2023-01-24
96,cc5da89b-c295-41c3-b27d-c759cca78ba8,33.0,Female,New Stephenside,Medium,2024-12-01
97,796a8711-1b1d-4557-a933-57aeb0dd9e95,44.0,Female,Mendozaton,Medium,2020-08-14
98,f099716c-a119-40c6-a3b5-56f7685fd85e,45.0,Male,Ramseyburgh,Low,2023-03-25
99,5ba7a03b-0d2f-4fc3-bd36-7a675c1ac61e,68.0,Female,East Ryanchester,High,2021-02-18
100,9f110be6-2f67-4e3a-9e4d-a30319dba9da,62.0,Male,South Christine,Low,2022-05-25
101,589eff22-1d5d-4138-8b42-ba0507aae51a,45.0,Male,Port Bradleyland,Unknown,2022-11-20
102,94c4f2d1-5f8b-4d82-9fb0-f1953ae4e597,46.0,Female,New David,Medium,2024-02-17
103,1d26411f-e5b9-40b0-8082-7e069a926f9c,19.0,Male,New Virginiachester,Medium,2020-11-30
104,13ac9037-7cc4-4585-8329-34a338044f38,52.0,Male,Port Troy,High,2021-01-31
105,3c0eae54-dde8-4291-95d3-f8dfb98c475a,62.0,Female,Williamshaven,High,2022-02-10
106,74335a51-6283-4262-b8a5-c72d988f3007,56.0,Female,East Zacharyville,Low,2019-09-17
107,e00ffe05-e989-4f01-8a2e-45d209002140,45.0,Female,South Michellebury,High,2021-11-04
108,8f4bfd5c-d32d-49bb-a995-7535553847cf,64.0,Male,New Dianatown,High,2020-02-04
109,6631a889-65d2-4588-9ed7-850c8b216f6d,22.0,Female,Warrenburgh,High,2021-03-26
110,c3a3cdb4-7e4f-4017-a8bf-5f329b6938c8,52.0,Female,Port Sheryl,Low,2020-08-04
111,51bdd78c-efe1-46e6-8155-fb9677e935aa,40.0,Female,West Whitneymouth,Medium,2022-11-04
112,31659ac0-47ae-49b1-9aa7-c208ed21336b,36.0,Male,Knappland,Low,2023-10-13
113,b7b84b81-c61b-4f23-b3db-b18010484122,52.0,Male,East Cynthiafort,Low,2020-02-21
114,409d7d69-e0b1-4493-8b23-100fb9518966,64.0,Female,Bradleyborough,Low,2023-03-11
115,1ec9eb96-4175-4c16-8477-4a6357f4e000,40.0,Male,Webbfurt,High,2020-11-23
116,fc0c6daa-182e-431a-bfe6-bad99168e08d,26.0,Female,North Justin,High,2021-12-27
117,f4274d3a-db95-4b02-b4cc-2b414f25d80d,46.0,Male,Annaport,Medium,2020-08-20
118,997e4ef9-2383-4063-ae49-4ea64716769e,48.0,Female,Christineberg,Medium,2021-10-29
119,72ef323a-1608-4a07-ad39-af7daf0b4b08,25.0,Female,Samuelside,Low,2022-03-26
120,fd03f67e-520f-4c52-a55b-66ec6d737026,55.0,Male,New Benjaminton,Medium,2024-06-01
121,6e1feeab-c26b-4462-ae4c-77ff8d6e5b35,27.0,Female,Lanestad,Low,2022-05-10
122,fd35b6b4-ad1c-49cc-9c34-8c2d696f38e2,42.0,Male,Karenbury,Low,2024-04-14
123,86e19319-72e1-4870-bba8-51c3dd201268,39.0,Male,Tinaland,Unknown,2024-06-29
124,9af03c6f-88de-4f43-9bc1-445104c6894b,65.0,Male,Jeffreyberg,Medium,2023-12-01
125,697c8e16-03a9-40f0-99f7-eddc12cc7f04,49.0,Female,North Marcohaven,Medium,2020-05-19
126,ed27f98c-9eb0-400a-94dd-227a49b0597f,20.0,Male,Rothbury,High,2019-10-30
127,febc5ef6-d9f5-459d-b7ef-40fdb9c2588b,68.0,Female,East Brittany,Low,2022-10-01
128,b97bca7b-b634-4655-8c86-3cfb1ee68329,50.0,Female,New Veronica,High,2019-12-24
129,643a2d7f-c241-487f-9a9a-07f06f0d681c,18.0,Male,East Charlesfurt,Medium,2023-09-15
130,c5cc364c-0373-4aec-b421-e5e10f91791f,25.0,Female,East Luis,Low,2020-02-08
131,c382ca5b-c4c2-4d11-9ccb-d17b22e99525,45.0,Male,Richardsbury,Low,2023-01-09
132,0ebe1d89-92e8-4ff6-8442-0e28d99b3a6a,35.0,Female,New Jennifer,Medium,2020-08-27
133,6b18200b-0867-4746-887c-ce48371e772a,36.0,Male,Wongville,Medium,2022-08-27
134,5711d1af-71f2-4b99-a965-3ffdc39d32c8,45.0,Male,Aaronton,Low,2023-07-31
135,aa082b83-58c0-48ae-bfd9-6e755ce704f4,45.0,Female,Francesberg,High,2020-09-24
136,31ee738e-ae09-45fa-847f-a017bf06dae7,62.0,Female,Jennifershire,Low,2022-02-04
137,086370e7-8884-47d7-89b0-776401a43e1c,53.0,Female,Port Jesseside,Medium,2024-04-19
138,e3be4c5e-f099-4612-a352-7d95ba9b1099,27.0,Female,West Richard,Unknown,2020-05-29
139,b1e89604-77b2-41a8-aff6-d61a8f06e5d5,43.0,Female,Karenton,High,2021-05-16
140,142d2fe3-3958-433b-a163-3899040ab178,35.0,Male,Port Michelle,Medium,2022-03-29
141,b78629a8-24f1-431b-aa26-e20ccd256af4,51.0,Female,Huntborough,Unknown,2022-09-30
142,3cd2663d-689b-438a-bcf1-47a311955e35,32.0,Female,Owensfort,Medium,2022-02-16
143,eab87908-af4d-46ef-b39f-4b1ec9d59980,39.0,Female,North Larry,Medium,2021-06-09
144,c2fe7e28-037e-4cea-822f-1a067e6d4ce3,60.0,Female,New Gavinhaven,High,2020-04-11
145,28097c07-e810-4e64-8eae-bff2abd81bc1,26.0,Female,Lake David,High,2021-02-12
146,c584f7db-9f8c-4012-b52e-089eadc9fde3,67.0,Female,Stephensonmouth,High,2022-02-27
147,6007c09a-d082-4218-9cdd-087ec3d24dec,43.0,Female,Garciaton,High,2019-08-16
148,acf61979-471d-4d03-99cf-bdd3668261a6,59.0,Female,North Elizabeth,Low,2021-12-29
149,afc2cf41-aacb-482c-a3f0-2f68035c44f7,57.0,Male,Allenchester,Low,2023-04-06
150,6bc3aaad-57cc-4fae-b57f-18faa88ce95b,61.0,Male,West Randall,Low,2019-11-08
151,401302a0-2748-49f3-bf78-d778d21d4cc7,23.0,Female,Vasquezburgh,Medium,2020-08-15
152,2d18e68b-8e15-4bea-9e3d-bc7e7797724d,19.0,Female,Laurenville,High,2020-03-16
153,4ad318fa-7d5a-4d6c-8106-09e5a8618a6c,64.0,Female,Port Larrychester,Medium,2019-09-19
154,66e01489-30f2-4461-bd51-1a6713c7634b,39.0,Female,Lauriehaven,Low,2020-06-25
155,b0afe1c8-686c-4dc8-9668-3b3c33dd364c,45.0,Female,Fernandomouth,Medium,2022-06-18
156,55628222-182b-42a2-b37f-325d789530f3,66.0,Male,Silvaville,High,2024-05-02
157,b4174b85-6f71-4a2d-8fac-093d30d7f35f,45.0,Male,Port Jefferyfort,High,2023-03-03
158,ae075979-b98f-46bf-bd3b-cc75f7216c3c,57.0,Female,New Joel,Low,2024-01-14
159,1c4c3ec8-256e-4c2c-bed6-cf5e97e076de,45.0,Male,New Amber,Low,2023-04-10
160,bbf7c36f-3745-4d3a-9e33-f927c2755f65,45.0,Female,Roberttown,Medium,2019-07-07
161,2353e631-3267-4287-aae4-4e05b71a0bb1,28.0,Female,Benjaminborough,Low,2019-07-26
162,18963973-89cc-4431-accb-330847c9d548,51.0,Female,Port Maryland,Medium,2021-11-02
163,eb404291-dab0-4733-b0e2-00676e7678a1,64.0,Male,Wilsonton,Medium,2023-06-07
164,872782ff-e097-4d0e-92bf-0fc07f391905,29.0,Male,Lake Cherylbury,High,2023-03-02
165,fe3b0536-0a29-4ef4-a8bb-6fbc3171d44f,59.0,Female,East Nathantown,High,2022-04-14
166,a56b8bed-1d7a-4cc2-abeb-d847aac0ff74,45.0,Female,West Melissa,Medium,2021-03-26
167,2da3a384-4f08-4048-871b-a1acfe7d7c59,68.0,Male,East Kimberly,High,2019-09-07
168,b50a3503-2898-453b-92cb-248ea177dffb,29.0,Female,Georgehaven,Medium,2019-12-24
169,31aaa228-98f0-473d-8ee8-9f66f1a7f2d7,68.0,Female,North Sarahfort,Low,2024-01-16
170,f9ab3c05-425f-4739-8e23-5197e518e250,33.0,Female,Andrewville,Medium,2023-02-18
171,4ed0e404-e360-4f0b-ba81-b14ac4be70de,45.0,Female,Allentown,High,2019-10-30
172,1cb3b94e-a27e-43d4-9438-f6a889623d0f,55.0,Female,North Mikefurt,Medium,2023-09-19
173,f102f93b-f32c-41d3-adcc-25e02a67c34f,49.0,Female,Meganstad,High,2020-01-26
174,6b2f8f03-ab9e-48a6-a07e-10e794b04fe0,65.0,Male,Lake Karen,Low,2023-04-04
175,576d68cf-0bd0-40a8-8710-eee2c706f81e,42.0,Female,West Cynthiamouth,High,2020-06-30
176,e4f5c19b-60e0-4e10-9735-88d05adf0667,67.0,Male,Melissaborough,Low,2023-06-16
177,87a3e2eb-e4e0-42fb-8efe-b2076bc86ad7,30.0,Male,Kingberg,Medium,2023-09-04
178,14ae708b-187e-4848-8371-b452194722af,67.0,Female,Perrystad,Low,2024-06-20
179,fd089f90-297f-4c91-82e6-34a4937ecddc,45.0,Female,Howardville,Medium,2021-09-23
180,df02206f-1c15-4d49-9a7d-0ff4026a8d44,44.0,Male,Joeview,Low,2024-02-01
181,dfc7e609-6b6f-4007-8305-6ebce3f35d7f,62.0,Male,Williamfurt,Low,2022-01-20
182,2529044c-e151-4f75-ac8f-ad9febf25ac5,53.0,Male,Jessicachester,High,2019-07-27
183,1eea3d52-fd1a-403e-8e70-7919dca848ee,51.0,Female,East Keith,High,2020-11-25
184,6a4fcf07-d4f6-44cf-9d47-ddae1917f808,42.0,Male,Baileyberg,High,2022-05-26
185,4c95e2ed-ec52-41cd-8258-01910de21d71,68.0,Male,East Michaelville,Low,2024-06-03
186,4045223b-67b5-44b7-a1fd-81f5c181ffd1,36.0,Female,Hernandezton,Medium,2022-06-22
187,c83975c7-77b5-4f08-ab0c-c6350eb0a7dd,45.0,Female,Lake Laura,Unknown,2023-12-06
188,d628f478-28c1-4d09-b926-8d586d8dea98,44.0,Male,South Carol,High,2020-10-04
189,4fd4c13d-0ede-457c-8e75-5c6ff9b36982,45.0,Male,East Taylorview,Low,2021-04-26
190,0dd7e84b-0aa4-4883-8bda-447e31b595d5,68.0,Female,Andreaburgh,Medium,2023-10-31
191,edbc4b21-e53a-4f7c-bf1f-7dc9f9557ca5,27.0,Female,Davidfort,High,2023-12-13
192,e090aa28-e78f-4052-99f9-29ba5260652a,41.0,Male,Davisside,Unknown,2020-05-03
193,363cc756-d55e-44c9-9093-149406fcb440,45.0,Female,Edwardsborough,Low,2019-09-13
194,54b3556e-e480-41a2-9dcd-7da1d91655aa,57.0,Male,East Betty,Medium,2024-06-08
195,5736efce-e87a-4e6d-a7b0-803d8aea3c75,51.0,Male,Stephaniemouth,Medium,2020-01-24
196,62f37d97-41b6-4fe3-90de-0608c41ab069,50.0,Male,Waynechester,Low,2021-03-22
197,768b95d6-378c-462e-8d70-22c41d6c65bf,39.0,Male,Marshalltown,Medium,2021-08-30
198,b8f3474f-d05d-4aca-982b-6af4a856305a,45.0,Male,Chelseaburgh,High,2024-06-09
199,3375b9af-aba4-4db6-9b17-4785756b4287,54.0,Male,Port Charleston,Low,2020-01-19
200,860003c0-809c-439e-b704-f8648809e396,56.0,Male,West Nathanport,High,2020-03-03
201,f295375f-e649-4961-9cd1-6104411c00c8,68.0,Female,North Alicia,Low,2021-10-27
202,d6fe4961-6886-49c3-b6be-07bab52aa19f,51.0,Male,Jenniferview,Low,2020-04-16
203,32e4c60a-8175-452c-8a6d-fa40f06e738d,51.0,Male,New Jeremyside,Low,2023-11-03
204,592c60d1-2f03-42d4-aa26-ca11f9fd0e0f,56.0,Male,New James,Low,2020-09-22
205,896a48cf-7ab6-41a8-ac94-9d7f6c211c01,56.0,Female,Andreaburgh,Low,2021-07-14
206,1e2be761-bca8-4962-a270-7fc433d2179e,68.0,Female,East Ericmouth,Low,2023-11-26
207,fe6695c3-4115-4558-8a69-c23c0e13f383,68.0,Male,East Tonyburgh,Medium,2020-10-08
208,feb00455-3007-4164-9921-682fa5352ec4,19.0,Female,Johnsonborough,Low,2021-09-06
209,ba7bec5f-29d6-4c9b-8a13-9370b6bddae9,33.0,Male,West Melissatown,Unknown,2020-03-20
210,a5e3f473-4157-4b7e-8377-05720206d7a7,19.0,Female,East Charles,Medium,2020-02-15
211,a523b30b-f05c-4704-b3b6-e36c4e637440,35.0,Female,Port Brandonstad,High,2024-03-15
212,c5214293-3313-4a25-96b2-625af9e94e49,45.0,Female,Masseyhaven,Unknown,2022-01-01
213,2d9979c1-ec25-42b8-a9ce-dd6661524b50,30.0,Female,New Kelly,Medium,2023-03-21
214,c12c8d66-3979-45bc-85fd-780ac87f19d9,45.0,Female,Port Kevin,Medium,2023-07-07
215,11015464-f408-48d3-91b9-4d7c3de1f494,36.0,Female,Christinaburgh,High,2022-10-04
216,7b43965a-ab47-41b0-901b-aaf7ca8896ce,36.0,Female,East Donna,High,2021-12-04
217,c680c6e8-2bc5-44a0-a713-98fe776bebc2,45.0,Female,South Kelly,Medium,2019-10-10
218,f7457808-4b20-4939-b451-5ebf933c98c0,49.0,Female,Hurleyfort,High,2021-06-14
219,89432125-8fd0-4b2a-a3c6-4f2e6f8ddc64,68.0,Male,Vancestad,Low,2023-05-21
220,048d842d-c2a9-4daf-b710-b1af8becefbf,51.0,Male,Charlesborough,High,2019-12-03
221,1861b233-7abc-4e26-9aef-481ee3da9ae1,29.0,Female,Paynechester,Medium,2021-04-12
222,6e24cce5-9d67-4e1e-8816-0b7f767f1362,36.0,Female,New Crystalberg,High,2019-07-31
223,992bfbf0-9fcc-4fad-9efc-767f55dd26ae,26.0,Male,North James,Low,2022-01-14
224,037ea182-19f8-4f85-a87f-e9775b11d3d2,45.0,Female,Lake Jessicafort,Low,2019-10-02
225,b72f2a59-aab0-447d-bb31-9bdc1405cc72,34.0,Female,West Jason,High,2024-10-06
226,e21ba358-f629-4922-8cbe-0cf613e036e2,54.0,Male,Lake Kariville,Medium,2022-03-21
227,91ad2b3a-d2fe-4146-a0ae-cdcea44622c9,43.0,Female,West Jennifershire,Medium,2019-07-25
228,cb8f9257-d8ad-4751-998d-40e56cfe17e4,41.0,Female,New Shannon,High,2022-07-28
229,08e4e45a-21a7-4c8c-b9b5-de9a512df8a4,45.0,Female,Melissafort,High,2021-02-21
230,299beb50-d10d-461f-bdd5-4083a4e3cc9b,28.0,Female,North Kristintown,Unknown,2022-01-31
231,63016b6a-014a-4d31-8177-4704794a2b6e,32.0,Male,Lesterborough,Medium,2023-05-25
232,867a7900-eb5c-46ed-9ee9-28df1abf184c,32.0,Male,Lake Melissahaven,Medium,2023-09-24
233,c1805670-0d42-4583-bfda-646f85252829,45.0,Male,South Eric,High,2020-04-25
234,e8960cfa-6e94-4260-8a99-74188b90a1fa,44.0,Female,Sandraview,High,2019-10-06
235,06125b2b-549c-4bee-9724-c03f0aa58dbb,43.0,Male,Stewartport,High,2023-03-03
236,273597c1-d519-4ce1-bf81-f8027e85f8e9,45.0,Male,East Regina,Unknown,2023-01-23
237,190600fc-e1b7-47b0-9cee-37de2d9a8ddd,41.0,Male,East Katieborough,Unknown,2023-12-15
238,54a57437-221b-427f-a8ed-3c7bb3530388,45.0,Male,East Jenniferstad,High,2020-01-03
239,abe35338-baa4-4cd2-8272-e0eb4d05c39c,45.0,Male,Pittsfurt,Unknown,2019-10-24
240,e9c58327-25a1-4148-8c41-f0f37fc0c75d,45.0,Female,Port Brittany,Unknown,2019-12-06
241,c2c93273-8204-4385-8dd5-a277dc51989f,64.0,Male,Bradleyfurt,Medium,2020-06-18
242,b1160da2-67a2-4ac3-a338-06f960278e02,45.0,Female,Ramirezberg,High,2021-12-25
243,cb01f3d4-94bf-42b0-8f3a-32209f715b1c,60.0,Female,Fullerhaven,Low,2021-11-22
244,d2c44a3f-8094-4a89-aa38-1c49a82f41ae,58.0,Female,Port Jerry,Medium,2021-11-11
245,b52e202d-5f0c-4e59-9c36-38260ed82e29,43.0,Male,Bakertown,High,2019-12-18
246,c085dc18-db0c-42ea-ae6e-0b3839bdd767,34.0,Female,Kennedymouth,Low,2021-02-05
247,597f2463-8973-4fa8-9710-7683cb399bf8,68.0,Male,North David,High,2021-01-11
248,b12c84ec-8291-4fa9-8688-b3a8e0bfbd1a,63.0,Female,Kellyfurt,Medium,2024-01-11
249,eb4b107b-ae16-4ee6-a079-62149dfc21aa,45.0,Female,Port Timothy,Low,2022-07-23
250,e5d3b19d-e899-4694-aac3-705696a235e3,37.0,Female,South Pamela,Low,2021-03-18
251,8cac34ad-138a-4c96-b5e7-f2e795b16acb,45.0,Male,Hallside,Low,2022-09-30
252,97245577-2a94-4929-be69-e2dafa5af66d,46.0,Female,Jenniferberg,Low,2019-09-02
253,e7eb8a7a-5c2b-4b0d-9783-eaef25a5cd27,59.0,Female,Port Daniel,Low,2021-12-09
254,31e73aba-0e0a-489a-a00a-478f5d6b7006,47.0,Female,West Scott,Unknown,2020-11-15
255,6f822fa2-fe63-4c4b-9948-7ecbfe600173,27.0,Female,Matthewchester,Low,2022-06-27
256,b7cf7756-cd20-4de2-b150-c473112da343,25.0,Female,Davisshire,Unknown,2019-12-27
257,7315305d-90e4-43bb-867b-d8d077229147,34.0,Male,South Susanbury,Medium,2024-06-08
258,72622d98-45f7-4977-b6b9-052494b2d929,27.0,Male,Lewisfort,Medium,2023-04-13
259,26ffdfbc-43b8-4a9b-b23d-0e029dbbeea1,26.0,Male,Lake Ashleyberg,Unknown,2022-11-13
260,da355e21-5fb0-4778-839f-50853e76b07b,32.0,Female,Grantfort,Unknown,2022-09-15
261,a3efade0-9841-40a8-9c00-0968581d608a,45.0,Female,North Danielle,High,2020-06-07
262,1f5a4d3c-f269-45a8-942d-d7ef186af88b,56.0,Male,Port Justinberg,Medium,2023-08-20
263,60b7c12a-bddd-4d1f-8abb-cbdeed74fea0,58.0,Male,Collinsside,Low,2022-01-19
264,b9011312-139f-4533-ac2a-21e67a22e8cf,58.0,Male,Pierceberg,High,2020-07-09
265,e84f46dc-1d0e-4031-a4f6-2a6f46514fa6,49.0,Male,Samuelshire,Medium,2023-09-02
266,acf47c33-118a-4844-84f5-6c5834568e66,64.0,Male,Lake Victoria,High,2019-07-22
267,7fa1d4e1-e465-4d23-82c8-c096f58fb5ed,32.0,Male,Port William,Low,2024-01-29
268,ed46f0b3-870a-41c4-b2c2-6a47937d394e,34.0,Male,West Billy,High,2020-06-23
269,7f010694-f12b-402f-bd02-6afa18b0fae1,40.0,Male,Port Tiffanyport,High,2021-05-30
270,ab0ff3f2-c413-41cd-a69d-9ec090b6739b,65.0,Male,Lake Jocelynchester,Low,2024-06-24
271,d79f6ce9-0373-42e3-a016-984ba61188ce,40.0,Female,Amyhaven,High,2022-08-03
272,851911c8-6d3f-4a7f-b70c-9b93057d9f94,45.0,Female,Gonzalezborough,High,2022-07-30
273,58bb7212-6403-401a-8c51-ba0f6bae7eea,23.0,Male,New Lisa,Medium,2024-01-01
274,39c6e7d2-6c4b-44c0-8961-ddc1ecbdb0c6,68.0,Male,Andrewsmouth,Low,2023-02-28
275,f9e210c2-0090-42fd-9d80-8f5ab0267c32,23.0,Male,Port Rebeccaville,Low,2022-05-03
276,ce88db51-39aa-4149-8ee6-d6063d12768f,39.0,Male,Lake Jennifer,Low,2022-07-14
277,a35ec295-0d3b-45d6-b610-26fd4125b314,42.0,Female,Danielleberg,Low,2020-09-21
278,b2ef78d6-e56a-4084-b072-c5104448b76e,30.0,Male,East Sabrinafurt,Low,2024-03-28
279,8a5849f2-1fcb-44c7-a90f-e16023c0465e,48.0,Male,Port David,High,2022-02-07
280,6e08ae8f-593d-425c-bf3c-542b3bbb1377,45.0,Female,Lake Christopher,Medium,2024-04-11
281,479399de-abf8-41c7-9568-e82c741e7bff,46.0,Female,Port Roberto,High,2021-01-25
282,e66af974-8c25-44b9-af2e-d200074e6625,27.0,Male,Rodriguezmouth,High,2022-03-17
283,68a177b8-97d6-4f8e-b9c3-d328f99ae6bc,45.0,Male,East Craigchester,High,2021-02-04
284,7d0dffb7-45b1-456f-b4fa-512b3d1ba9ce,67.0,Female,East Samantha,Low,2023-06-24
285,2e0c9398-4399-4363-b1c6-d8bcde053c2c,58.0,Male,Jonestown,High,2023-12-07
286,57d07b58-1c57-4f29-a180-459d7928dfc0,45.0,Female,New Elizabeth,High,2020-08-30
287,6d9b7c15-f813-4be6-8071-815990189894,30.0,Female,Torresview,Unknown,2019-08-13
288,3c14e099-dc0a-4772-ae2d-524e33d81033,20.0,Female,New Billyview,Low,2020-10-03
289,5e2d6375-1d4a-46a3-9b9a-85b3462f804c,51.0,Female,East Geraldstad,High,2021-01-18
290,31d58284-4bff-4b53-b5bd-f447e8518a5f,34.0,Female,North Sabrinaberg,High,2022-07-26
291,6cd7a734-a51d-4a11-ba1c-00c49d9a4490,45.0,Male,West Connie,High,2022-11-05
292,7c40da22-ee52-4381-b501-c5fc91248472,45.0,Male,Seanmouth,Unknown,2023-06-27
293,78002a64-8a6e-4d61-80a9-1bbf4c41ae76,46.0,Male,Port Holly,Low,2020-12-28
294,e765708f-a16d-48fe-a26b-72146bc740f4,45.0,Female,Lake Michele,Unknown,2021-11-28
295,cee4a7d9-9c36-46ac-aafe-522d8fc50282,23.0,Female,West Dylan,Low,2019-08-23
296,40f2fc46-f4cf-4987-ac84-73e500fcb521,49.0,Male,New Chelsea,Low,2019-08-30
297,321acf6c-c401-4f7b-9835-bfb7cd5e48ff,64.0,Male,Mooreville,Medium,2023-09-05
298,e0c22681-cabd-41e3-9ac2-286209d232f9,38.0,Male,East Deborah,Medium,2020-05-22
299,f6cc6186-5ab4-4a50-9513-a5f1104bd599,49.0,Female,Riverahaven,High,2021-02-17
300,85963f9b-be81-4c3f-a518-40caed1973e7,65.0,Male,Martinberg,High,2020-12-06
301,70b70bf3-205e-4992-a88c-02bf2ed1471f,21.0,Female,Bradleyborough,Medium,2020-06-05
302,f0ca9fb6-ad3f-4cbd-a3ce-aed1b70c5542,28.0,Male,Deborahtown,Medium,2021-05-25
303,9d3466b1-8bcf-430e-a4f9-6a0bad8d296d,45.0,Male,Boyerfurt,Unknown,2020-09-07
304,1e9e7dcb-e612-46d3-bae6-0c2f47fa0220,44.0,Female,Brianmouth,Medium,2022-07-28
305,f3860788-84c6-42c7-8431-02cefd4dfb93,37.0,Female,New Robin,Low,2020-02-16
306,91214d6a-4b1f-4500-a478-415aa3f0742d,36.0,Male,Jasonborough,Medium,2020-11-15
307,41d08007-2bf4-470f-ad2d-97a972abced6,52.0,Female,South Melissa,High,2021-02-23
308,c0d8e0be-02a4-45c0-89c3-3ff31e60b4f7,45.0,Male,South Rachel,Unknown,2020-05-21
309,d0aa2f39-2e86-4fb8-b742-0e8888599284,25.0,Female,Lake William,Medium,2021-03-02
310,8de3d5b9-1f1a-4bd7-b242-6cb09d7f3609,52.0,Male,Atkinsonburgh,Low,2023-10-27
311,d055a815-fbf5-4346-b3ff-4d875edaaba1,32.0,Female,Lake Tracey,Unknown,2019-10-20
312,2cbc0b12-8048-4624-8149-0c9cd0920e35,45.0,Female,North William,High,2024-05-03
313,dc00bb3c-1afb-4a12-b61b-a2ddeef1e370,52.0,Female,East Julie,Unknown,2022-11-07
314,4584583e-9825-4aa4-81ac-d6879195853f,68.0,Female,South Richardside,Unknown,2023-09-08
315,3330dbb6-1b22-4fe5-a4b5-0e5ce39d8591,50.0,Male,Stevensonview,Low,2020-08-21
316,d9b9723a-3f5d-4ed4-bcd5-68bccf69338b,53.0,Male,West Jacobland,High,2024-02-01
317,68b5a27d-980f-409d-9b64-acc242c86f8e,48.0,Male,West Annstad,High,2023-12-23
318,3d5b5810-b1fc-4606-b550-2d04d6abab5f,20.0,Female,North Samanthahaven,High,2024-05-01
319,8d807538-5767-461a-a074-542002142cc7,25.0,Male,Lopezside,Medium,2022-05-25
320,dd6bdc9d-cac1-47ac-9fd9-3282443f0c08,60.0,Female,West Joshualand,High,2020-05-19
321,e9307f9c-daa2-4aa6-b84b-d930400c11ef,45.0,Female,Alexisborough,Low,2024-02-28
322,70094f12-4aa0-47b5-89bb-809b7c091507,59.0,Male,Jasonmouth,Low,2024-06-07
323,18fd1ce2-ecbe-4157-bdc1-4f5a8698b476,45.0,Female,Gillside,High,2024-04-22
324,2a61ddd6-e8be-4d46-923e-3a7bc0bf905c,29.0,Female,Brentburgh,High,2020-01-08
325,23d4097a-48ee-4b31-b34a-8c14273ed91f,53.0,Female,Lake Rebeccaview,Medium,2024-01-04
326,1d5d2c59-f092-48ce-a2cd-168199412a6c,68.0,Female,Leonardfort,Medium,2020-04-13
327,a5e02710-f26b-4273-b340-f67961873073,51.0,Male,East Michellemouth,Medium,2023-09-19
328,541ecfee-22bb-4358-9f01-d5d372dc49e3,48.0,Female,Turnerton,Low,2021-12-01
329,a1dd4810-7ae3-4502-8130-deb98f8cbe3a,51.0,Female,West Michelle,Medium,2022-08-30
330,de765812-6f23-4059-94db-2805a34f44fd,28.0,Female,North John,High,2022-02-22
331,92f5c8ee-b86f-4c32-8231-c639c30d3400,47.0,Female,East Johnshire,High,2024-06-21
332,42f77824-a944-4471-836f-345ff12517bd,20.0,Male,Grahamfort,Medium,2023-06-26
333,cd733ffe-4726-4d32-b2a8-06a86d0dfa20,55.0,Female,West Valerie,Low,2023-04-18
334,d98a5116-3836-43d6-bb54-ffef96f9fd00,42.0,Male,New Alex,Low,2023-05-29
335,f4b595a5-26a8-4c67-b12c-4f722194fe27,63.0,Male,Robinsonview,Unknown,2024-05-21
336,482528d8-d038-4d7d-a27d-dac5effcd9e0,26.0,Female,West Julieburgh,Low,2024-05-12
337,486368bc-7b67-4f28-91a2-bd5c85b1f8f6,55.0,Female,East Michelle,Low,2020-08-27
338,48313b18-ccdb-4946-b958-1ebfc92dcc2a,45.0,Male,South Andrea,High,2020-02-26
339,22b21e10-1132-449f-a2b9-61ebf725f800,55.0,Male,Christopherland,Medium,2023-12-23
340,97ef797e-2a0b-48d8-8e49-5d90cab7274a,68.0,Female,North Stephen,Low,2019-08-17
341,a14c5d2f-87d8-4caf-b91e-ab6865872c37,44.0,Male,West Brandon,Low,2021-03-21
342,84db5b8d-acf1-47fb-b3aa-100b30fd99fe,20.0,Male,East Crystalshire,Medium,2020-07-26
343,868a390d-9cf4-4a35-b48c-4d2db6412b96,64.0,Female,South Kenneth,High,2020-09-17
344,587f0de4-1254-4ad6-9567-af6745c960b6,21.0,Female,Dawsonstad,High,2020-01-10
345,29e33b63-81fe-4687-a132-06d0a5e6668c,67.0,Male,Nicholsfort,High,2020-05-06
346,cdd71e46-7539-41af-b9d5-6758abdfa2e6,65.0,Male,Port Gabriellaburgh,Medium,2023-12-15
347,4ece241c-935a-4380-bda6-715cbae36f17,51.0,Female,New Glenn,Low,2022-08-17
348,8880506d-dbb6-42ea-98c3-c0b7454c04bb,68.0,Male,South Traciland,High,2020-04-24
349,0633d4dd-14d7-4462-b210-59de9d63bef5,35.0,Female,Cindyton,Low,2019-08-03
350,66515d36-ce81-4765-b76c-9ee0eeb66c98,49.0,Female,Markchester,Unknown,2022-10-21
351,3eaec2e6-d21c-4010-8584-273db02aa365,44.0,Male,North Michael,Unknown,2023-08-07
352,9f6b9ab6-1055-4a20-912e-23adb444695c,38.0,Male,Randallland,Medium,2020-03-04
353,78398c08-0a87-42a8-ac95-167e0d000f48,27.0,Female,East Kevin,High,2021-06-06
354,89d0e857-3132-4296-a528-a51fdac714f4,57.0,Male,Lake Melissaberg,Low,2022-12-19
355,0ed582bd-7083-41e1-8d85-5b0baed9d5c4,22.0,Male,Port Oliviafurt,Low,2022-01-02
356,5df6565b-75c4-4064-b0ce-cd524980b947,49.0,Female,New Amandahaven,Medium,2020-03-16
357,175ccf1f-45a2-46eb-bf56-8dba3bfb2523,46.0,Female,West Nathan,High,2024-04-25
358,8543ced3-b2b8-45d6-8f42-f66dd94c1685,68.0,Male,Jacobchester,Medium,2020-01-17
359,7ae84dc5-3dee-4566-84a9-1820bdae61e4,46.0,Male,Port Michael,Low,2022-10-29
360,6e6d3ec8-c559-4a2e-8776-bce30df9d14e,44.0,Male,Carolynville,High,2023-05-25
361,9866b7ec-4394-4a83-b3d2-b56182c0758b,55.0,Female,North Jenniferview,Low,2021-11-26
362,848f7178-b94b-4d8e-8baa-6a3886828887,27.0,Male,West Tonyastad,Medium,2023-10-11
363,d41924fe-fdfc-47f0-a907-f70153058d56,45.0,Male,West Kayleefort,Medium,2021-10-14
364,f447245d-7239-4808-974c-7fd358f61c2c,45.0,Male,North Tammyshire,Low,2023-11-12
365,b8a3bca9-79e2-4a99-96be-f23108c05f00,66.0,Male,Duncanside,Low,2022-04-24
366,4deac5c0-5e2e-4794-9978-f25be68734a7,19.0,Male,West Chad,High,2021-02-08
367,6e623356-5088-4f02-afdd-dbe6bd948d8c,60.0,Male,Jameston,Medium,2024-04-01
368,3c3d88d5-93b9-45c3-aac4-f43ac0dcf27d,26.0,Male,Elliottburgh,Medium,2020-12-16
369,52aafd4c-f409-4dac-a4d3-92d3d40b2f06,32.0,Male,Nicholasport,Low,2023-12-13
370,c1f1c099-93ad-4f01-839a-7c72c07db3f7,34.0,Female,Lake Davidmouth,Low,2021-06-26
371,07f8f7be-d915-4e08-9c0d-250646b1c200,19.0,Male,Lucasberg,High,2022-03-23
372,85ff0b6b-f0d4-4ac3-9eb4-063941a9396a,37.0,Male,Perezville,Unknown,2022-01-26
373,c6253172-8dc9-4c82-8816-9d2740b0e3b8,58.0,Female,Mitchellfurt,Low,2022-06-18
374,46342d7b-d3bc-4f5a-b02e-3e6482a3beef,62.0,Male,Joannaburgh,Medium,2020-07-05
375,a9d93196-0167-4be5-80d4-b6ea2cd1a802,45.0,Male,East Christyshire,Unknown,2019-11-15
376,e9275385-a9af-4f34-8b10-2ec5d18636a9,21.0,Female,Priceborough,High,2024-06-09
377,709c87f5-082b-4b18-a197-0d7d4e1588e3,63.0,Male,New Christopherville,Medium,2023-04-26
378,ce542175-261b-4ee0-9a5d-bab32b194090,45.0,Male,North Jenna,Low,2023-05-10
379,5d6d2580-5c52-4659-9001-60b251e5f66c,38.0,Female,New Ryanmouth,Low,2021-09-05
380,f6db05bc-e9ff-454c-983c-fc4a7fd13323,43.0,Male,Port Carrie,Unknown,2024-06-24
381,0d1d1b53-3a9d-4be9-9857-371dc98aba1e,57.0,Female,New Tylerfurt,Low,2024-06-12
382,9e438f09-ec06-42e1-8c45-25063e2429aa,57.0,Female,Shawnview,High,2021-04-27
383,5a162c3a-fd9d-4781-91c6-eb6e390313c0,62.0,Female,Lisachester,Low,2022-09-29
384,a18647cb-a525-4f32-b871-2cc8a4789c3d,57.0,Male,New Morganchester,High,2019-08-02
385,5db2e5ed-d30c-45db-b5f1-9db8008e178b,29.0,Female,Schultzview,Unknown,2020-08-12
386,d8f8d8c7-8fe5-4e85-8a70-7d087722f40f,23.0,Male,North Donna,Low,2020-08-24
387,ae276db2-f801-4593-a6cb-911b98ecf4e4,45.0,Male,Feliciamouth,Medium,2023-03-20
388,23222ac5-f9b0-4eb9-928f-2c17cac9ffbc,53.0,Male,Gregoryfurt,Unknown,2024-05-10
389,0fa8e686-b82b-419b-9f9e-fb274a3c4f87,31.0,Male,Grayberg,High,2020-05-08
390,0f5a8d28-2ddd-497a-a2e0-74a80c165a91,46.0,Female,Josephburgh,Low,2020-11-27
391,2ae65f5f-e0e7-4e93-bde5-f8cf2f1430cd,60.0,Male,West Roberthaven,Medium,2021-03-29
392,eafd973d-da9b-4561-85f0-b4ebfc3b2a0f,60.0,Female,Danielton,Low,2024-02-21
393,ee972091-d003-40cf-a3db-0e629d3c316e,26.0,Male,East Bruceton,Low,2020-01-28
394,23b20ba3-dc64-48b2-9263-391c044bfe4f,42.0,Female,West Grantfort,Medium,2019-12-16
395,dcd697ea-d0fd-4482-b17a-369ada8463b3,61.0,Male,Wilsonmouth,Unknown,2021-05-03
396,08dd80d5-e63f-4618-be5f-161de25625a8,28.0,Male,South Stephenville,Low,2024-06-07
397,a9f321a6-c23c-4863-8828-f8d287543a9f,45.0,Male,Rodriguezborough,Low,2023-12-31
398,96f0eb54-ca26-4ec6-b15e-2d1263d5a701,21.0,Female,North Andreberg,Unknown,2019-12-17
399,347222c1-9766-4ae8-9263-4e509359b409,38.0,Female,West Richardbury,Low,2021-06-27
400,aaca0879-8a14-41a4-8385-b1bfd3f97653,45.0,Male,Laurahaven,Unknown,2023-07-06
401,369d3b9f-54b4-44ac-8284-b6af32aec1c0,32.0,Male,Washingtonchester,Low,2023-11-30
402,1fbbc3ad-d48f-4e64-9ef7-4e58277af29a,60.0,Male,West Jasonview,High,2024-04-20
403,d7960ed9-0372-4cb8-ba98-9cf4d88bca25,24.0,Female,Michaelside,Low,2023-04-18
404,f808e889-308c-4356-a639-281ef3820b50,65.0,Male,South Connor,Unknown,2021-04-22
405,277d7dde-f587-4238-93da-37c90ea570ab,33.0,Male,Smithland,Low,2020-11-28
406,7982720f-fa58-47f3-b9cd-bdfd800d14e3,68.0,Male,Shawnland,Low,2023-02-12
407,d7d9c224-efe1-4050-be7c-2729eac7c68c,25.0,Male,Nataliefurt,Unknown,2020-02-05
408,bee79853-c1ce-4da8-89d0-e36c93828c1c,45.0,Male,Brandiside,Medium,2024-01-12
409,7cbf20c0-8406-45ad-bdb3-869a4004b9a0,45.0,Male,Johnnyport,Low,2020-09-05
410,e19d1d97-ddb5-4b83-9fb3-032002b4a639,35.0,Female,East Danaburgh,High,2023-05-28
411,486f7fed-3cd9-4fb4-8860-d4a2bbba8ab7,19.0,Male,New Chadchester,Low,2022-03-20
412,984d1ffa-8789-44f8-9a59-3c82e4d1d9c4,61.0,Female,West Kathleenland,High,2024-01-15
413,ae015f1f-3f42-4cba-96ce-13e797004986,68.0,Female,Port Anitabury,Medium,2021-09-30
414,03d5404d-aa72-4d9d-b49b-562036780b34,45.0,Female,Woodland,High,2022-01-12
415,38d9b383-17dc-41b5-886b-f318487d67a4,57.0,Female,Nicholebury,Medium,2021-04-04
416,29ce6245-1cd1-491d-a68c-33bd56b6bc16,63.0,Male,Mendozaton,Medium,2019-12-17
417,956b0b69-cb66-41c7-8c6d-773ff9e3793b,40.0,Female,Masseyland,Medium,2021-10-05
418,32ba4f7e-71b6-4524-91f6-86028c5abfb8,60.0,Female,West Stephanieberg,Low,2021-10-15
419,c26a36a7-c23f-4d97-813a-8fefe5de2454,45.0,Male,West Joshua,Medium,2020-08-20
420,7880b7a8-d348-4a4a-b939-6e6285a9d85c,68.0,Male,North Jennifer,Medium,2024-05-21
421,af1f4b8e-5593-438f-8562-62e7ea6cf8fb,68.0,Male,New Stephanie,High,2022-08-05
422,cf93db25-321f-4148-805b-662d6258ddb3,18.0,Male,North Erikton,High,2024-04-07
423,960c4de2-8610-42fa-9ed7-3c7eccba7370,60.0,Female,Stevenland,High,2021-10-03
424,34007525-1894-46d3-95e4-6fda3ed60c56,53.0,Male,Becktown,Medium,2023-07-03
425,c12ab95c-d42d-4e32-ae97-95faef364e52,58.0,Female,Greeneborough,Low,2022-08-22
426,321d0f4a-7783-44de-9fb0-17662273f441,60.0,Female,South James,High,2021-10-08
427,cd4d3f5a-a57a-41f5-93d9-23c3bb7023ef,68.0,Female,East Taylorville,Low,2020-02-09
428,1161ea51-6692-436a-961e-19526aa76f84,68.0,Female,Danaton,High,2020-09-03
429,b57b9637-7237-4987-8eb4-a01f567d590f,48.0,Female,Port Sethmouth,High,2023-10-01
430,f2e3736b-2014-44ef-a28d-597330b00882,55.0,Male,Oliviashire,High,2020-06-25
431,6e3501d7-cca4-414b-9ae0-c02140179fbe,63.0,Male,Lopezmouth,Unknown,2023-05-19
432,a9b65902-b754-4bc5-a670-f571ede577f0,56.0,Female,Martinezville,High,2023-04-16
433,858b2173-fa72-42f1-8e11-acde120e697e,62.0,Female,Christianbury,High,2023-05-17
434,56058449-276a-417e-b6c6-f8853b1d2659,39.0,Male,East Whitney,Medium,2023-08-22
435,0009fdd2-ae63-45ca-8d5b-d0ea98381f7b,21.0,Female,Lake George,Low,2020-11-09
436,f9edc899-39cf-4227-9b37-c40003bc28af,60.0,Male,Chelseaville,Medium,2024-04-02
437,b9c8e875-2f63-4e06-a6b2-d20af9f7cf03,45.0,Female,Lake Leslie,Low,2020-04-17
438,c82f4cc5-e3e9-4919-ad14-bc9ad485fd45,48.0,Male,South Taylor,Low,2023-04-22
439,c6890a2f-4535-4b1c-84ac-547f9612813f,68.0,Male,Stevenmouth,High,2021-11-21
440,46c6bd4d-5902-44cc-b3b2-fb82f6ab2cb6,25.0,Female,Watsonside,Medium,2020-06-06
441,e5c5fbd5-35f6-4a1a-a4d8-f7cfcc9c8f9c,56.0,Female,Caitlinshire,Low,2019-09-25
442,a470ba12-56e6-4c27-8c88-7b24739912d5,51.0,Female,New Erinburgh,Low,2021-12-22
443,0823cff5-2266-4c50-a793-dba07671e3ea,41.0,Female,Tinaberg,Unknown,2023-10-15
444,14175128-9b22-423d-90a8-33812779999c,43.0,Female,Danielleville,Medium,2019-10-01
445,2d6cbeb6-36ce-4d08-a706-d0e58d68ca4d,51.0,Male,Deborahshire,High,2019-11-12
446,9aa1e60e-df4c-4987-9ee8-70b4e6edbca6,59.0,Male,New Henry,Low,2023-02-16
447,d56da7c7-d914-43b2-923e-a2a9dbbc451e,33.0,Male,West Debra,Unknown,2023-08-05
448,af70b9ee-0a2d-4c3d-b4ce-579ac96a14b2,45.0,Female,Robertchester,Low,2023-01-03
449,d4cb7a18-92f4-4a0d-96f5-584e0c1cab53,28.0,Female,West Noahland,Medium,2022-05-31
450,f2fd2f9b-b772-47c3-b503-5dd4fe9a48bc,62.0,Female,South Davidside,Low,2021-04-16
451,5e0088d4-e37f-4ce9-add7-cc4e056dd95f,25.0,Male,Kristietown,Low,2021-10-04
452,c1ccadd3-fc59-4574-bb17-e92247130e62,23.0,Female,Hamptonport,Medium,2021-08-22
453,728bcba7-868f-4f7d-9a79-1af48913bb93,39.0,Female,South Robert,Medium,2023-03-09
454,20bfca97-9a3c-4e4d-894b-ba1870281072,52.0,Male,Desireechester,Low,2024-02-23
455,1a78ef18-930e-4c38-8ee4-99812b5af689,45.0,Female,Troyton,High,2019-11-18
456,d2e3d880-ad46-4673-a37b-53e0a6c436bf,34.0,Male,Brownview,Low,2021-10-07
457,5f8533c3-94f3-4cd1-890d-5da9a4f4a12d,68.0,Female,East Annaborough,Low,2023-06-07
458,f7f5463e-6069-4ee0-8168-d3ebd6142553,45.0,Female,Brendaborough,Medium,2020-03-04
459,148b854a-0393-4c10-9762-be68ee86ae9e,49.0,Male,Catherinebury,Low,2021-03-28
460,5624f059-b5dd-4734-879c-7fe8a0169e9c,68.0,Female,Michaelville,High,2019-12-16
461,066b48b0-e451-4a6b-9f1a-c4c8e6ce3c0b,20.0,Female,East Jamesfurt,High,2020-10-19
462,20e5c8e7-ee20-46d1-bbd9-638c6cfd2522,62.0,Female,Spencerberg,Medium,2024-06-15
463,9486f96b-071e-4951-a373-d6897109793d,44.0,Female,Yolandastad,Low,2019-09-16
464,99fa724b-e2bd-4739-a204-3c94957fe3e8,58.0,Male,New Claudia,High,2024-03-09
465,8be98339-7564-43fa-b2b6-b273d36a5527,63.0,Male,North Katherinestad,Low,2023-09-21
466,8cb92b38-d249-4514-8a1d-2463189d5288,64.0,Male,Miguelstad,High,2024-04-10
467,1e659a88-5f9d-4c17-9739-1b3d30470928,68.0,Male,New Amberberg,High,2021-07-15
468,373de510-66b3-4c4d-8e17-40d55e208b9c,50.0,Male,Brownfort,Low,2024-05-28
469,f9aed600-08f5-4583-b6d8-5ab32daaa213,25.0,Female,South Gregory,Low,2021-01-02
470,1d4e578b-738c-4913-84f4-b008488eab48,23.0,Female,Brownchester,Medium,2020-11-09
471,b3d5ed26-6131-4fc9-9b68-040ddb426f67,37.0,Male,Pamelachester,High,2020-02-12
472,dbcdedd6-4c10-499b-b902-b243d4a6c2e6,32.0,Male,Smithport,Low,2023-12-08
473,31a64c59-e32d-4d9c-ba9c-f308acd78daf,34.0,Female,East Michaelfurt,High,2021-06-19
474,378542a7-dd80-4639-b411-6a2fd45e9852,66.0,Male,Coxmouth,Unknown,2019-11-13
475,6712eba4-a966-46a5-8f52-26f53054787d,57.0,Female,Ashleymouth,Medium,2021-11-15
476,e3016d49-db0c-44dd-badd-c168264c8cc1,52.0,Female,Livingstonport,Low,2020-01-09
477,137362fe-5ca3-4d01-806d-8c4d1f7b29aa,45.0,Male,Nicolebury,High,2024-04-23
478,a19f06e3-a107-4580-b351-30b8533aab4b,42.0,Male,North Denisemouth,High,2021-05-04
479,958e5c8d-48ca-42dd-bb71-a766a374233a,45.0,Male,Riveraton,Low,2020-12-28
480,9c52add6-d6da-42b9-be78-9a5d2d771aec,56.0,Female,North Jessica,Medium,2019-11-09
481,b791d365-bf14-43ae-9939-aabd2c982866,22.0,Female,Erikville,Low,2019-08-04
482,22e1b1a5-34cf-4022-9313-484145b714ab,45.0,Female,Martinstad,Low,2023-11-30
483,979c8237-bae7-4240-9224-b283bc02529e,45.0,Female,Harrisborough,Medium,2021-09-11
484,a8f090f4-9647-49e5-9bc0-06203eaa301f,37.0,Male,Samuelland,High,2022-06-06
485,0e09f085-80ce-47c9-9fb2-e936ef0e9065,51.0,Male,New Hollyport,Unknown,2020-10-06
486,4e5e8598-a3bb-4580-8c9f-a2ec0d98afc4,53.0,Female,Lake Spencerborough,Low,2023-12-01
487,88b2456d-4760-49ab-aab3-a712ab80852a,24.0,Male,New Dustin,Unknown,2019-07-24
488,509c0596-50f8-4e68-8204-ddf396e67862,55.0,Female,Carterchester,Medium,2020-06-10
489,b7aa5481-366a-456d-b996-1f8146f93d9b,55.0,Female,Campbellside,Medium,2022-09-19
490,fca77c16-5fd3-495f-bb00-a5c961504e5a,68.0,Male,New Jenniferview,High,2023-02-27
491,a7ab4450-714d-49df-932f-0fc904c35491,30.0,Female,Savagefort,Medium,2023-03-12
492,652ab947-ceaa-421b-a529-3f61a886f179,50.0,Female,Westville,Low,2022-04-23
493,0b4b34dc-3ae8-4943-9f47-f27482de26a9,58.0,Male,Maryborough,Low,2019-10-15
494,830f5a03-8848-40d6-90a0-d0ce0fa12d33,66.0,Male,Candiceview,Low,2020-05-23
495,8aa05520-345c-40ce-bb9c-53ad694b706f,23.0,Female,South Glennchester,Low,2024-06-03
496,61adc65c-ddcd-43fc-85c4-9e8d60daeae3,57.0,Female,West Rebecca,High,2020-01-09
497,8375d38f-88e2-4c33-9647-f8b8b55b1426,68.0,Male,Josephport,Low,2023-09-09
498,466f4862-7f5e-4cee-b8dd-f6f3d430288c,23.0,Male,Hesterberg,Low,2023-01-05
499,e4bc0ebb-8f41-4000-abbe-1df5009779a4,31.0,Female,West Meredithborough,Low,2021-10-10
500,c93dd8b7-89fa-4ebe-85a1-670912cf0668,39.0,Female,Christineside,Medium,2021-09-08
501,72aec0bd-fd32-472c-9b49-055bb88e33c6,47.0,Male,South Lindachester,Low,2020-02-26
502,f2fa85fd-89ce-488e-bbdf-4535ae78da25,24.0,Male,Reidburgh,Low,2021-05-20
503,172a04cf-2db8-4c96-9c93-ea123cb44279,65.0,Male,Burkebury,High,2024-05-24
504,e3589ba8-b8bb-419d-91b1-2f1196118c68,28.0,Female,Jonesshire,Medium,2020-06-14
505,f2550752-ee52-4207-a38b-633fdc9a23a2,45.0,Male,Geraldhaven,Medium,2023-05-20
506,0e744af0-f183-499b-adb5-76ff753745e3,68.0,Male,New Timothyton,Unknown,2020-09-20
507,174eceb1-d609-4140-8d19-e6d29fc4494b,52.0,Male,East Jamie,Medium,2023-07-20
508,7f06d32a-671e-4125-95cd-ce560c2e630a,34.0,Male,Mooreshire,Low,2022-07-24
509,35e934cf-39b9-4b4d-9b2d-c9a4c40b3c88,63.0,Male,Burkeshire,High,2021-07-20
510,623af74f-cf96-4c78-96d0-208701da7f76,58.0,Female,Lake Jonathan,Low,2023-01-19
511,e0e1f834-2d6a-4c2f-b150-377f0644f027,34.0,Female,Lucasville,Low,2020-12-08
512,1b96d945-e9cd-4faf-b374-8aa53b23bc00,42.0,Female,Port Shawn,High,2023-12-30
513,0d27aeb2-f8d0-4221-a74f-17f02a290943,22.0,Male,Gibbsmouth,High,2021-12-31
514,f5a7de71-64fe-4a1c-8d0e-c75bada69e54,47.0,Female,Moraleschester,High,2024-03-21
515,56d1b0da-e7c4-464d-85a6-a2947fe9fd07,58.0,Male,Wrightshire,High,2021-02-27
516,c632c148-56e9-43bb-9f19-c28e8536a1e2,60.0,Female,Riverashire,Low,2022-01-30
517,0a743a76-cb05-47e2-b0db-3f8fbbfa497b,56.0,Female,Danielport,Medium,2023-10-29
518,8baf40b4-2477-4993-8371-0f4d5f29d42d,55.0,Male,Franklinmouth,High,2021-11-03
519,31739d22-cd42-423b-9fbd-5f310d773dce,65.0,Male,Perryburgh,Low,2022-07-16
520,3609a9ad-d526-44a5-96ec-7ba7accfd866,26.0,Female,East Jerryland,High,2020-11-23
521,7e7d6c28-572b-48ff-b443-05ff9709d2d1,22.0,Male,South Cindy,Medium,2024-06-30
522,505f098c-bcd0-492a-b421-032dd423e894,45.0,Female,New Isaiah,Medium,2019-12-12
523,e4ce98e6-81ec-48c3-a198-813996dfdf1b,51.0,Male,New Johnbury,Low,2019-12-11
524,cf39f691-06b8-4e9b-93d7-cb9aff0966b4,38.0,Male,North Bryanland,Medium,2022-07-13
525,658c09ee-ffab-4a46-b971-af23b5b5da0e,45.0,Female,Johnsonborough,High,2021-06-05
526,f448d1e6-f3d8-40e6-b679-3f5570ba4061,22.0,Male,Cooperport,Low,2020-09-21
527,6e0b43fc-e01d-46b6-8a25-d21fff7ccbe1,52.0,Female,Wheelerburgh,High,2021-06-03
528,a26416d5-adad-4ab2-881e-2b79b39896b2,41.0,Female,Andersenberg,Low,2022-01-07
529,e27d60e6-24bb-4eb6-8745-15ff2b7c4484,62.0,Female,Garciaport,Low,2022-01-04
530,80ccc424-80cb-43f9-8063-a09c96c53da0,53.0,Male,South Danielborough,Medium,2022-03-06
531,7eb08fe9-f6c4-424e-8a33-7e428ea9df67,57.0,Female,East Sherrimouth,Medium,2021-05-23
532,d3b2f0c4-722a-4b0c-bdcb-19a8cbc80193,45.0,Female,Cobbborough,Low,2019-12-31
533,e93f71d9-e511-45a4-8640-9ece88920b77,68.0,Female,Stevenstad,Low,2020-03-12
534,b0e547f6-b969-4908-b977-c64793686f9e,59.0,Male,West Donaldmouth,Low,2020-04-16
535,1ff38fb0-37da-4b96-a087-ac062fa27414,44.0,Male,Lawsonberg,Low,2020-12-13
536,bd8ab2a4-b629-48e1-be7c-79608d4cce8b,41.0,Female,Anthonyhaven,High,2023-02-10
537,8245ed49-a244-4e10-b9ed-aa53764c959d,68.0,Female,East Susanfort,Unknown,2023-07-01
538,6a84f1a7-f636-4300-bd8d-c7f888460829,21.0,Female,East Marcushaven,Medium,2023-06-19
539,50465bde-6a9a-466d-804a-a8f046809a23,45.0,Male,Harrismouth,High,2023-08-02
540,f6cab49a-a8b5-42a8-92be-42e200212268,28.0,Female,New Stanley,High,2024-02-12
541,cbd36938-08b9-41e6-9de5-a781a121d9fa,28.0,Male,North Jimmy,Unknown,2020-09-10
542,61241d0d-b46b-4521-ac03-df44f73a7497,48.0,Female,Lake Lindsay,Low,2024-05-01
543,689f12ea-3716-415e-8a52-fbba91707183,45.0,Female,Keithtown,Low,2024-01-31
544,7c7df909-aa25-48c7-af9d-6ebe714b28b6,23.0,Female,South Anthonystad,Low,2020-06-23
545,60557dfa-e271-429b-91cc-a0e4ef41b0c2,20.0,Female,Howellbury,Medium,2020-05-17
546,2347d612-4047-46cc-b69d-8516adf83092,61.0,Male,West Kim,Medium,2024-03-19
547,a0d1421c-d435-4541-ab70-87a21abf2bfd,45.0,Male,Jeremiahland,Unknown,2022-12-13
548,db971ba4-4210-4e36-a8c1-c79f0305e181,45.0,Male,South Brianbury,High,2023-10-04
549,d8cb6f8b-4e79-4640-b542-2746b8718e7d,41.0,Female,Michaelton,Low,2022-10-03
550,17bf453d-4dd4-4055-b398-940a4b52edfa,42.0,Female,Garciaberg,Low,2021-06-16
551,d160e8f2-113e-4e69-928c-b6303f391203,55.0,Male,New Tammymouth,Low,2023-06-14
552,dc3a98fe-8796-4f9c-8b13-e05f91de4831,18.0,Male,Alyssabury,Low,2022-12-18
553,d83178cf-653d-435c-a7e8-880361dec6e7,47.0,Male,Brittneyville,Low,2020-01-25
554,684e0f75-2c90-424b-ae2a-0a669b799215,45.0,Female,Jasonville,Low,2022-10-26
555,c2cd346d-faf1-45eb-a8d4-bf9db1d19c9d,41.0,Female,North Kaylee,Low,2023-09-22
556,f67a2130-08ae-4153-85f4-b634a8119831,38.0,Female,West Juan,High,2021-05-09
557,0a8833e5-9e7f-4a7b-94a8-216a46821d46,62.0,Female,Cookberg,High,2022-01-27
558,1fde298f-1904-4dff-a59e-15640c89c519,47.0,Female,West Joseph,Unknown,2022-03-03
559,0156ef90-c829-4e9e-8fec-8634e8ff3c54,60.0,Female,Port Adam,High,2019-12-28
560,6a1b4a6b-aa7e-401f-95c9-70700d2ccffc,49.0,Male,Martinchester,Medium,2022-01-06
561,f5335ef1-fde6-4647-b1d6-e02a8b8165c2,30.0,Male,South Benjamin,Medium,2020-06-16
562,b56473e0-5c57-4325-94f2-6414db34f557,68.0,Female,New Douglasville,Low,2020-04-21
563,029a0762-57d4-43f1-84ee-b45de86bb31a,42.0,Male,Harrisburgh,Unknown,2023-08-14
564,ecb192f4-a8ed-422c-9f08-712dd8523245,60.0,Male,New Xavierport,Low,2022-02-26
565,a0db86bf-0c2d-4c9e-8d3b-f5b33ac37cee,50.0,Male,South Jose,Low,2023-10-30
566,232cc4ee-0884-4025-9c28-8ddebfd296b4,39.0,Male,East Jacqueline,Medium,2021-01-26
567,242834c4-0e75-426e-87b2-aeb009a44087,45.0,Male,Michelleview,High,2023-05-05
568,5b6756fb-cfe5-4741-83ea-51822f7ba8ff,44.0,Female,Stevensview,Medium,2020-08-14
569,74653505-85eb-4155-a90b-abe2b30179db,31.0,Female,East Williamfurt,Low,2024-03-28
570,8f7bb5b7-9ce1-469f-8d69-2c8f184e097a,68.0,Female,Victorside,High,2022-06-13
571,93e30b51-c0cc-40b1-82cf-7478d75cac87,31.0,Male,Youngfurt,Low,2021-07-17
572,9107778f-48e1-4ecd-9511-10e549305477,40.0,Male,North Hollyport,Medium,2021-10-26
573,8593f47f-2dce-4527-bb20-b98f8ea998b9,67.0,Female,Michaelton,Low,2022-04-04
574,a18b589d-c51a-490c-8c54-7ad20edd44f1,41.0,Male,South Taylor,High,2021-09-08
575,0c4b59d3-f907-4240-8849-6d592af9f7f6,62.0,Male,Michaeltown,High,2020-12-05
576,ea5e65bb-7121-49f2-9e4f-10fdb430c4c4,68.0,Female,East Kristin,Low,2021-02-16
577,060cfd42-8d99-4264-aa27-e8d0b537e207,68.0,Female,South Alexandertown,High,2022-07-11
578,efa3d3db-a2b1-4a72-8358-af8d19a2995a,20.0,Female,South Valerie,High,2020-01-24
579,1ccb71e6-8f53-423f-808d-a2023aa0c5a8,53.0,Male,West Elizabeth,Medium,2021-11-21
580,a4670f60-23c5-4c76-b67c-4d957910aa8a,43.0,Male,Hollyton,High,2019-10-12
581,f01b204b-74d4-4c28-8f90-450dcd6b26da,46.0,Male,South Kelly,High,2022-04-12
582,e2cbdbed-02ab-4081-822a-e970794e5aa0,47.0,Male,Glovershire,Low,2023-10-10
583,0831f0ad-bf6b-4023-b1bf-acea2388fcf3,53.0,Male,Julieland,Low,2023-06-12
584,7617f0d0-1006-4e72-8d8f-8135611236b1,45.0,Female,Lake Kevin,High,2024-02-20
585,9ac29675-b4fc-43ce-b656-c649628fd1cd,48.0,Male,Judyfort,Low,2022-05-28
586,39974820-20fa-436e-a5c3-581d43b00d63,39.0,Male,East Geraldview,Low,2024-03-29
587,6d614191-8007-48f2-bbe9-3c80ac9029e5,68.0,Male,North Jillian,Unknown,2022-05-19
588,5fef9a6d-e035-4d76-88d5-ff8b8d1028bc,48.0,Female,Coxbury,Medium,2023-03-24
589,c86baa86-ab7c-4ff6-ab1f-f77e043a69b0,68.0,Male,Port Jennifer,High,2021-01-21
590,7e633526-86ba-4795-8d80-a79b26014c0d,68.0,Male,West Robert,Medium,2022-12-05
591,12e1aa2d-57e7-44de-af86-e71a42574c51,39.0,Male,Mirandamouth,High,2021-06-22
592,2dd596db-f44d-46ae-a582-a42a658d7d62,39.0,Male,Port Edward,Low,2021-01-27
593,78a2be5d-a30f-47c6-8265-329d66e65315,46.0,Male,Christinafort,Medium,2020-03-04
594,5a8b6207-27b9-4ad1-9157-cfac7d2abd4d,59.0,Male,Port Sharon,Low,2022-08-10
595,9e506199-8b74-4014-84a2-96cd00c6b700,21.0,Female,South Haileyland,Unknown,2023-07-23
596,41beb5db-882d-43f3-a53d-a08b826a924f,26.0,Female,Levineview,Low,2019-11-12
597,9fbb7d85-1721-44b2-8d9f-81917acc03c2,68.0,Female,South Theresafort,Low,2022-04-15
598,4b7db93d-9015-4287-b4a2-72e6306d5429,21.0,Male,North Leslie,Low,2020-10-31
599,e033603b-3735-467e-8957-0503a57b0538,45.0,Male,Amandabury,High,2020-01-16
600,6007e8e7-4c8a-4df0-b03a-e7afdb6684e2,58.0,Male,New Joshua,Medium,2020-07-21
601,280a26de-f65d-4d7e-9721-7652fa3a8b0c,62.0,Female,Jamesfort,Low,2023-02-15
602,651a6712-d1db-4d03-9bd0-36d9c17e1b86,60.0,Male,Pamelahaven,Medium,2023-03-04
603,7fba19c8-8be4-4074-9d88-ce84dc6bdd38,68.0,Male,Martinezfort,High,2024-05-31
604,3bb37bcf-9f9a-4d1e-8f7c-f948aaa592c3,27.0,Male,Vickiside,Low,2020-07-18
605,38e8d156-9520-471c-b9e3-8edbb3cd2b65,39.0,Male,West Davidhaven,High,2019-08-23
606,8ddf315b-2c2b-4768-a1b8-2836d9f9546b,40.0,Female,Kaylahaven,High,2020-03-16
607,6d4be0cc-2b07-45f0-9111-bdb6a79f1656,19.0,Male,Donovanfort,Low,2020-10-19
608,160f25a7-ed0b-4471-a260-1f0fcade1217,37.0,Female,Gardnershire,High,2019-11-17
609,295b1bb3-2f41-4bab-8d36-3fdbfa6d72b5,45.0,Male,New Taylor,High,2021-09-04
610,32ac26c6-b07d-4ac9-b659-f36459af6337,54.0,Female,Michaelborough,Low,2023-10-05
611,51f0ea92-e0ae-4d47-826e-8c00107e6cef,30.0,Female,North Sarah,Low,2021-02-19
612,e84dc82e-6702-4702-9c98-6a60f3be6158,41.0,Male,New William,Low,2020-06-10
613,8a6ac6de-96f0-4383-a87c-34d12e104bb8,57.0,Male,New Patty,High,2020-09-09
614,e7a00dc5-c308-4ca4-a537-cb54129ff036,39.0,Male,West Eric,Medium,2024-06-24
615,e470607b-d83b-4042-956a-559e5126c4db,66.0,Male,Pettybury,Low,2023-01-23
616,98ff8454-f7df-4193-a23a-34b23769aed2,41.0,Male,South Jacob,Low,2021-11-23
617,1c7f2f3a-0dfc-4f87-af2b-d535e9b57f68,45.0,Female,New Tammyberg,Low,2019-07-08
618,6e62c234-7b0c-4891-b2f0-4f6ea06c1679,39.0,Male,Welchville,High,2020-11-25
619,cb968037-1e4a-42c7-8d2f-3eb0b27b5295,42.0,Male,Stevenshire,Medium,2023-12-26
620,b8cd9295-8ae2-4226-98dd-4a78846e467e,45.0,Male,Kyleview,High,2021-11-27
621,34f4dcf4-f192-40d4-860d-0e05bd840b61,20.0,Male,Jenkinsburgh,Low,2023-01-04
622,976d7247-d957-4c1e-8778-3f0867938022,33.0,Female,South Jennifer,Medium,2021-01-31
623,1904daec-e2bf-4b0b-854c-baaf9e4df3b7,45.0,Male,Lake Margaretberg,High,2020-03-16
624,db18bd1b-8476-4835-81ac-5328b72d473f,63.0,Female,South David,Medium,2020-02-24
625,70bc6d41-b25a-4041-a3ca-9215f887359b,45.0,Female,North Stacey,Medium,2021-03-10
626,82184ef4-a46e-4d6b-b18e-c7fdd84cb269,30.0,Female,East Melissa,Medium,2020-04-12
627,1bdeb580-975a-42df-8248-fbb7d027d23e,57.0,Female,Kimberg,High,2023-02-14
628,518fa595-22b9-469c-8e3c-96cbfbb41ce7,47.0,Female,North Brianport,Unknown,2020-04-21
629,eca27290-1c40-48c6-b0a5-8afedd9be099,38.0,Female,Garychester,High,2021-04-01
630,6c78ab25-9895-4054-968d-0a5264ffa064,43.0,Female,West Evelynburgh,Low,2020-08-15
631,ba2410a1-82b2-4163-bc99-515b9b653dce,22.0,Male,South Jenniferport,High,2021-06-02
632,ac0248f2-5af3-46f9-9cec-2fb5a478f47a,64.0,Male,East Brookeburgh,High,2021-03-07
633,5bb6126c-97a0-441c-95e2-3d962016c4c0,45.0,Male,New Joelmouth,High,2023-08-19
634,267bca9f-cc78-499d-9f07-a52a638c5d8c,45.0,Male,New Markfurt,High,2020-10-01
635,3120d699-c28f-4de7-afba-adceae29c1c5,37.0,Male,West Catherineshire,High,2024-02-25
636,0d54f63b-61af-4e17-97ef-56576f6e4e92,34.0,Female,North Donald,Medium,2021-01-02
637,e8d6099f-0a22-4eb8-af2d-e1b9db315936,66.0,Male,Mackenzieburgh,High,2024-04-24
638,cba82d56-67c3-493a-b2a2-3234db3d1a6d,32.0,Male,West Jasonstad,High,2019-09-18
639,bfe55c3b-668e-485d-9476-670acd50b12b,36.0,Male,New Kaylahaven,Low,2023-01-03
640,ee462937-e0c4-42bd-a4ef-7df8946ba9f7,27.0,Male,Sampsonburgh,High,2020-03-23
641,b91999f9-b7ed-4da4-a285-1dafae98e21d,52.0,Female,North Danielmouth,Medium,2019-09-11
642,262a3360-ed1c-4145-a745-3d5ecad9794f,36.0,Male,Lake Lance,Low,2023-02-08
643,5a1d6e6b-b3d1-4c18-b693-7344e245faa3,41.0,Male,Lindabury,Unknown,2020-07-06
644,8de0429b-700b-4253-b914-e61d580aeb08,67.0,Female,Woodsmouth,Medium,2019-12-16
645,8954b525-76f8-445d-b4e7-01f99f307ec9,61.0,Male,Schmidtview,Low,2019-08-15
646,ea4f48c7-7862-4f92-9a6f-1c2778adfe56,49.0,Male,East Edward,Medium,2022-08-24
647,153db56e-c750-4137-8435-d4f0544281a3,46.0,Male,Cranemouth,Unknown,2020-11-01
648,ceb88469-d152-4ece-8e3e-ee3000dd8a50,65.0,Male,North Danielle,Medium,2022-03-15
649,8dcf3f3b-cf2e-41ab-b2a2-85e0072ff25a,22.0,Male,North Leah,Unknown,2020-01-31
650,b997c175-798f-4376-b922-812f74e38986,50.0,Female,West Kevin,High,2024-02-12
651,d8a93878-8a64-48b1-9099-65b5695c42c2,45.0,Male,Emilyside,Low,2021-02-13
652,6d49693f-fae1-4a6e-9f4c-ebd457c055a2,45.0,Female,Port James,Low,2023-02-27
653,e7ee4a4a-1be7-4b2d-a019-0372f123f611,53.0,Female,Matthewville,Medium,2020-01-05
654,240b78f9-8532-4b9b-800a-14a47b658404,61.0,Female,Stephentown,Low,2020-09-01
655,5a6f7a19-b881-4e41-ad91-480ecbb1022f,31.0,Female,West Alexandermouth,Medium,2021-07-25
656,831d1007-c7ab-40a1-80e5-b0a3ef1852a9,45.0,Male,Lake Sheilachester,Medium,2021-09-25
657,aac57e67-f138-426a-8f26-c4620e29f4e6,47.0,Male,East Corymouth,Medium,2023-09-10
658,1fac8ad1-9a12-4370-bb35-5e1aa8b3419e,33.0,Female,New Crystal,Medium,2020-08-20
659,e1787f8a-3681-477f-92bc-c76f56f14bc3,30.0,Male,West Christine,Medium,2020-03-01
660,eec67dd0-87ec-4eab-8ed8-0f6bf5470c49,21.0,Female,Tinaview,High,2024-01-15
661,ccb5b16c-60f2-413c-9d6d-e5aa0091df54,50.0,Female,Dominguezburgh,Low,2022-10-25
662,75e2b1f9-ea4e-4d40-8035-4c6447576b3f,44.0,Male,Port Richardshire,High,2019-07-08
663,8497db9d-ae82-44bd-a7c0-123ab1ae5eb0,68.0,Female,East Holly,Low,2023-10-03
664,9e21e16d-238d-4881-867a-ba5ea74bf1bb,34.0,Female,Lake Rachel,High,2022-10-26
665,931a1768-e5dc-48c9-b900-066b969dac47,45.0,Female,East Carrieton,High,2021-09-01
666,61c87875-0143-435c-95aa-62d6d00a4ecd,45.0,Female,North Michelle,Medium,2020-06-10
667,e4e86de7-3972-407e-9a7d-66b34a347463,45.0,Female,Pughstad,Medium,2020-11-06
668,59829a73-fcb1-4612-ae6d-2119396738b7,56.0,Female,West Michael,High,2020-11-26
669,2ce1a993-618f-452a-aafa-027fc97a0580,43.0,Male,East Whitneyberg,Low,2020-01-25
670,c0e9fddc-4e0d-424b-9777-b2b3324f4451,65.0,Male,South John,Medium,2023-03-07
671,457c885a-c536-4b1e-a74a-4a233d69d9fd,43.0,Male,New David,Medium,2022-01-17
672,aeba2f6d-bf7f-4a93-b947-4b5d03d6fa95,66.0,Female,South Garyborough,Low,2020-09-27
673,aa70d7aa-5ca7-41f7-8392-13984b6c2632,20.0,Male,Maryside,High,2022-03-21
674,ee399e65-73fa-457d-9b3e-0bf005bd1c18,57.0,Male,Kimberlychester,High,2024-04-20
675,c3b9c20f-b3a1-4532-ba45-90b6d041c62d,35.0,Male,Michaelland,High,2019-10-14
676,0b112fa1-e37c-4493-b4ff-64d56b4e3526,49.0,Male,Spencerside,High,2022-11-20
677,331aa308-0011-4df0-80c8-83768817c3fd,50.0,Male,East Seanhaven,High,2023-07-15
678,49e88aa3-3b35-4509-9a10-49f25f06b615,28.0,Female,East Aaronton,Unknown,2022-03-26
679,6601e9d6-7e18-48f9-ba38-71d0d9cb31cb,62.0,Male,South Chadmouth,High,2021-10-06
680,a608154e-396a-40d1-9ccc-b64d55dbc5b4,65.0,Male,South Kyle,Medium,2023-06-21
681,5819025b-3df7-4da6-a8bd-5d980e61c5a4,45.0,Female,Lake Miguelchester,High,2020-07-18
682,911002e8-a300-479d-8c88-55fda909d449,61.0,Female,East Rhondaside,Medium,2022-06-22
683,705b6742-d75d-4f53-a4e9-231ba146f34d,24.0,Male,Austinshire,Unknown,2023-12-31
684,5dd3f3da-d9e7-4b28-afb0-30497d1f5014,42.0,Male,Tiffanyland,Low,2021-10-12
685,f87894e0-1728-4109-afd7-5742e340cb4a,45.0,Male,North Stephaniestad,Medium,2020-05-26
686,592f957f-e5a9-4719-9542-5eea7c056894,39.0,Male,Lake Sean,High,2024-03-15
687,489968c1-e786-45f1-9688-89ecf37f84c9,61.0,Female,Port Timothy,Medium,2023-04-09
688,47e7acf4-444d-452f-bdc9-b1b7e180f9f0,28.0,Male,Beanborough,High,2020-03-13
689,02b1b8cb-bc72-4ca5-af51-05e16bab084b,34.0,Male,Port William,Medium,2022-10-18
690,52f2132d-b2bf-4c09-9bdf-2d634ea7ebca,45.0,Male,New Douglaschester,High,2021-08-14
691,e716042f-b529-4b6d-ab92-961e54229179,38.0,Female,North Williamside,Low,2020-04-19
692,43230006-9636-403f-966c-f7e3166e504d,56.0,Female,Port Jeffrey,High,2023-04-29
693,46946743-89e7-40b2-9d0a-4f77edae479a,35.0,Female,East Andrewberg,Low,2022-11-30
694,b3a0d002-1b78-443e-9605-fafe8a22ed3e,36.0,Male,Kevintown,Low,2022-03-27
695,cf40389f-1a78-4f05-a8eb-811cc5ca9656,40.0,Female,South Michelleshire,Low,2019-12-27
696,1028c9f7-f42a-425c-8250-292131378975,54.0,Male,Port Cynthiachester,High,2021-12-22
697,a98bb335-cf9b-48ef-b10f-1262aa09923d,68.0,Male,West Tanner,Medium,2023-02-21
698,018be1fd-e482-4d3d-87b9-a425ae35c5a1,21.0,Male,Kevinstad,Low,2022-07-17
699,58517754-b359-4653-8bd6-4f33a89f33bf,61.0,Female,Lake Kristaberg,Medium,2021-08-04
700,d8c44a32-d7c1-4ede-aaaa-2ae1c1c65534,58.0,Male,Michellefurt,Low,2019-11-27
701,d968cee0-3524-42d4-a0f7-5fe6e8284890,25.0,Female,Port Joshualand,Medium,2023-09-04
702,6babedf7-4225-4858-b0d9-feb24f30025d,47.0,Female,Pedrofurt,Unknown,2020-12-05
703,e0f00c2f-f43d-424f-9c71-3fb0f3b02d6f,34.0,Male,South Thomas,High,2024-05-01
704,4add70a0-9c64-41d8-b32e-f7f1ea06706b,52.0,Male,Port Miguel,Medium,2020-08-26
705,4a75d71b-1263-43c3-9533-a0b94f50fee0,27.0,Female,East Zacharyville,Low,2023-11-11
706,2dcb9523-356b-40b2-a67b-1f27797de261,57.0,Male,East Anna,Low,2023-02-21
707,e36847ec-fbf2-4270-937c-a010c528fba4,32.0,Male,Westfort,High,2022-07-19
708,cb3eec9c-c522-44e2-8011-9150b0cc902d,39.0,Male,South Andrewbury,Medium,2019-07-27
709,0340d565-36b4-4d28-9619-7899512b31b8,62.0,Female,Nguyenton,Low,2022-04-26
710,dc1ab8a6-d697-406e-b9e4-a6da1e22b843,63.0,Female,Dylanberg,Low,2021-06-23
711,ab1b3b16-c910-4450-bf8a-8817de7019ee,43.0,Female,New Meghanfort,Low,2021-09-15
712,97a27374-9d3e-4953-8e62-3e45d1535cda,30.0,Male,Thomasview,High,2020-03-31
713,6596f49d-5c9f-4bcd-84a0-82d866b98314,26.0,Female,New Peterchester,High,2019-07-04
714,8414f142-72a4-4343-9afd-48c4333bfda4,45.0,Female,North Victoria,Low,2024-03-26
715,a8a7ca84-eb94-417d-a539-47f086159f3c,32.0,Male,South Ricky,Low,2023-07-15
716,c2dfeabe-5bc4-4013-838b-3a34ec97efad,45.0,Male,Jeanettemouth,High,2021-07-03
717,75d01200-b9e2-4487-86d0-affb634392ab,58.0,Male,Nelsonton,Low,2020-07-18
718,c0c0ce5a-4539-4013-abca-d0a3e41b4e2a,22.0,Male,Deannafurt,High,2021-09-06
719,c31b7475-f089-4708-be02-df18e1348a5e,48.0,Male,North Michelle,Medium,2021-01-29
720,856080d7-84d9-4b62-8824-4996673500b0,40.0,Male,Patelville,Low,2021-11-09
721,bed6aaf5-80ce-41d2-b91b-11e7e3726d22,42.0,Female,Davidhaven,Medium,2020-11-27
722,a0269f78-16af-4957-a09f-e99b2a0b42c3,38.0,Male,South Tommy,High,2022-01-26
723,6539c670-03a7-4f89-8fb2-8190024380cb,55.0,Male,Hendersonshire,Low,2022-01-16
724,ef341627-301c-4502-9ebc-a7d1ea8bf37b,24.0,Female,East Steve,Medium,2022-03-22
725,06589cf5-fcb7-4230-b38d-5c0af8e75922,46.0,Male,Port Michelle,High,2024-04-29
726,e7cf6999-b4ec-4ce4-bb09-bfd18d61d933,62.0,Female,South Anita,Low,2023-10-13
727,362a01b9-67b2-4b9e-b703-44c9567fd51d,68.0,Male,South Kylefurt,High,2024-05-22
728,ebf479d4-d989-4249-aa49-83fb15e2a419,51.0,Female,Burgessstad,High,2019-10-13
729,5dcc04f0-2300-4707-b737-82abb839b428,36.0,Female,North Morganmouth,Low,2023-01-04
730,30fbbfed-bf48-475b-8057-2f27f7c343af,62.0,Female,Bowmanburgh,High,2021-03-16
731,aa53dc4d-35a6-45a2-9ffb-f83d25cf0e60,18.0,Male,North Kaitlyn,Medium,2020-06-24
732,f2b87137-d105-4036-88fa-d0f0713ca516,46.0,Male,Sarahtown,High,2021-09-28
733,59bf21c7-b292-4aa8-99c0-023d01d759ba,18.0,Male,Harrisborough,Medium,2021-09-09
734,09fb5363-5925-415e-a0b3-e47e07854481,61.0,Female,North Dana,High,2022-01-20
735,088dbb34-9520-43fb-abe3-244083f14b93,40.0,Female,Lake Kevin,Medium,2020-01-25
736,13de3ef5-64a6-4603-9a24-8f3c51c18ee2,56.0,Male,East Jacobland,High,2020-08-19
737,d3a51925-129e-470d-b71d-de8276348fc7,35.0,Female,North Rachelport,Low,2020-12-11
738,1c767217-8c99-4314-97d5-bab2476e4e11,68.0,Male,Sandraview,Medium,2021-11-01
739,faf73ad2-9d18-40fa-943b-69efe9d685a8,52.0,Male,Port Michael,Medium,2020-03-16
740,0f3c24e2-3df7-47c3-8590-1a198dc3e5fa,49.0,Male,Lake Carrie,High,2019-10-22
741,ca645b4d-28a4-42ec-99a7-8000d38bf2e0,37.0,Male,Brandonfurt,Unknown,2019-09-14
742,36656b2c-c7ad-4c3e-b2f3-c9d7beb78aec,63.0,Female,Lake Rachaelmouth,Medium,2021-08-28
743,89c1e39a-75ad-437b-8bfb-317d6b651197,68.0,Male,Jessicamouth,Low,2021-03-08
744,ed72e313-f92e-42ae-855f-0673b532ff14,34.0,Female,Lake Colleen,Low,2019-12-31
745,999ad741-dfd2-46fe-afcb-7d1a3347c5c1,68.0,Female,Barbarafurt,Medium,2020-07-08
746,cfb081a4-4be0-4709-8a6c-7bb656d57d3d,29.0,Male,East Douglas,Medium,2020-05-23
747,0773c2a4-9485-40ba-b6a5-645cd15d9837,55.0,Female,Williamshaven,High,2022-07-19
748,0c298fc3-6e30-4478-bc30-f1b56b2e655d,38.0,Female,Cardenasside,Low,2020-03-11
749,2755d0ae-8558-49ab-b712-56b4dcc09003,45.0,Female,Lake Jeffside,Low,2023-03-28
750,f1f5c413-2160-4dac-97e1-be254637d804,68.0,Female,Joshuahaven,High,2021-07-24
751,fced017c-7d89-41ce-b445-7b9c42ddd57a,45.0,Male,Michaelhaven,High,2020-11-29
752,8ad8003f-aa9d-4b7b-84f5-1913e2660e5d,47.0,Female,Scottville,Low,2020-09-15
753,b66935bc-453f-4947-86e6-92d2e1d52872,49.0,Female,Whiteburgh,Low,2021-04-26
754,29436bcf-d6f8-44d1-a856-0794abb562ab,68.0,Female,New Fred,Low,2021-09-01
755,9bd04ab1-225d-48d3-a9f9-f2338a40a439,42.0,Male,Jillianburgh,Low,2020-12-10
756,fe9cb5ea-d704-403b-9efa-46d2e2c6b5ae,68.0,Male,Harrisonshire,Low,2019-12-21
757,69392978-5c7e-4872-9058-2a4590c9247d,42.0,Female,Lake Lisa,High,2022-08-27
758,acffc73f-c2e5-4760-82d9-6b98b0066a8c,51.0,Male,North Melissaport,Low,2022-07-15
759,dd1f3738-50b7-49a3-b369-8944f15ecba0,68.0,Male,Gonzalezhaven,High,2022-09-03
760,5295b804-fb7e-4dd4-bb76-a0e1a79841c1,45.0,Female,Velasquezmouth,Low,2021-04-06
761,afa95294-789a-4a87-8cc1-21dbdb88e000,44.0,Male,Sarahberg,Medium,2019-10-09
762,6c83e1cf-e48c-49fa-a33b-046d66e3b061,39.0,Female,Lindseyview,Medium,2023-06-04
763,a9f7d8c3-9b3e-4598-8056-d62573a5a229,67.0,Female,Cherylland,Low,2020-06-07
764,08a911a3-65e6-4f5d-a6a1-ae7ddcbe28a2,60.0,Male,North Samanthatown,Low,2020-09-17
765,8f61e984-4fa5-4941-95ee-e42c92758e02,26.0,Female,North Jenna,Medium,2020-02-18
766,7a2c7c71-1f0d-4e00-b1e7-821708ec5194,30.0,Female,North Frederickport,Low,2020-04-05
767,79c78651-5e3e-4b91-9c79-d1631715c7eb,42.0,Male,Jerrystad,High,2024-01-08
768,d7467041-1718-4048-bd53-96a1d602181f,41.0,Female,Linfort,Low,2020-12-29
769,e0625caa-2eb9-4b59-873b-f10de1b8ee1d,21.0,Female,Johnsonshire,Medium,2023-03-08
770,20f360d6-65c8-4295-98f7-282d3a089d77,43.0,Female,Nicholasview,Medium,2024-05-15
771,9c16dd71-a1f0-4801-8f00-860c2ee154a1,65.0,Male,Port Richardberg,Medium,2022-11-27
772,57dbd7f5-3428-4452-82f8-0c140234a864,68.0,Female,Jacobshire,Medium,2022-10-20
773,a137a587-2eec-49a9-a6b3-587b40563535,45.0,Female,East Adrianshire,Medium,2019-10-09
774,cb7b0f7e-08f5-4dd6-8708-d4942dc4c057,23.0,Male,Stevenshire,High,2021-01-17
775,468ae943-0a40-445a-a8b1-b49b2e2cf6ae,66.0,Male,South Adrianafort,Medium,2021-05-18
776,b4f72640-2fb1-4dc5-b60d-236669b8a058,68.0,Female,North Richard,High,2023-01-16
777,2b68e247-1f95-4b87-b39e-34eb7d59928a,68.0,Male,Anthonystad,Medium,2022-07-03
778,5c8b6938-0745-4a5f-9118-3d0b8347f0d2,36.0,Male,Thompsonport,Unknown,2023-07-19
779,5bf21edd-1328-41e4-a2f6-11da57b109e7,41.0,Female,New Jessicashire,Low,2020-12-16
780,233e284b-8e25-4950-b216-7f71e2bb3efa,21.0,Male,West Catherine,Medium,2024-03-11
781,f432d1e3-2133-4491-a0d6-229bcc9ac7eb,43.0,Female,East Shannonfurt,Low,2024-04-01
782,8200d179-ee9d-4834-859b-cf0aac854387,61.0,Male,Walkerville,Unknown,2020-07-17
783,e7e5e8fe-5fdd-43e6-92e1-5ea3e399486e,45.0,Female,Christinaburgh,Medium,2023-02-26
784,d6fa22e0-95a7-4968-9527-41ebf73c7764,43.0,Female,Eduardostad,Low,2021-10-14
785,872fc6c9-7903-45b5-9c59-1c1fad564497,39.0,Female,West Rodney,Unknown,2022-10-05
786,70b95f73-3284-4bff-86f1-5c4ad2c0bd27,45.0,Female,Fritzfurt,Medium,2023-01-05
787,18c03691-9a7c-4711-81f8-01d06c1cae4b,57.0,Female,New Scott,High,2022-10-06
788,533b0ffc-a629-4763-8e6e-c2324e6914d7,68.0,Female,South Adamport,Medium,2021-07-23
789,72c7cb40-0acb-4d2b-9677-2159706f0e6b,20.0,Female,Petersonbury,Medium,2022-10-11
790,06f2803b-2c2a-4d62-87dc-927ae28bdd5a,54.0,Male,Sheppardfurt,Medium,2020-08-27
791,1cc636ba-e6ea-44c6-a056-0de95dce9831,45.0,Female,Saraton,Medium,2021-09-23
792,183757e2-90c1-4b59-bd4a-ffdf1ebdc9c1,55.0,Female,Port Timothy,Medium,2022-04-01
793,47d03d6f-cb4d-4984-9aa6-96d20353bd91,68.0,Female,North Patrick,Medium,2020-09-28
794,fcb31c19-064e-4e81-b69f-16e8d8f3e737,18.0,Female,Edwardview,Unknown,2021-09-16
795,2f606b33-f0ec-4050-bdbc-0f6bbc2bbc86,62.0,Male,Brownbury,Medium,2020-02-11
796,c6460a4f-0c2d-47b7-82ce-2600e5232a41,27.0,Male,South Stephanieshire,Medium,2019-12-12
797,48d12d8a-6af5-4b8f-b67c-00ceb29bfcdc,43.0,Male,West Maryfurt,High,2022-07-05
798,b07eb18e-8b83-4ec1-b0cf-ec3e5cfbd799,68.0,Male,Tinaland,Low,2023-08-21
799,8505c143-5c40-44d3-874c-0d704e10699f,40.0,Female,Roberthaven,High,2019-10-31
800,8da1bcf2-03d6-4c67-863e-94f77ad8a850,46.0,Female,Markmouth,High,2024-01-05
801,63a3c9cf-ac63-41a6-bf00-2f140f015fcd,55.0,Male,West Judithberg,Low,2020-08-13
802,c4a7ca71-d1b7-4c29-863b-b0c17bdc0508,36.0,Male,Cooperfort,Low,2021-11-26
803,f7dfb82d-7481-4a71-868f-71aaee6bd509,23.0,Male,Ryanport,Low,2023-10-22
804,472dd3d5-946e-4c40-804d-110cc6faae1d,20.0,Female,New Charlesborough,Low,2022-09-12
805,256c49b7-534c-463e-921f-3a43d55c0203,24.0,Male,Robertview,Low,2023-07-20
806,a4a6c9aa-bbbf-4155-9100-4f770078551d,45.0,Male,Curtistown,High,2020-01-19
807,5dfe3352-ee78-4510-a968-9aba1dd940a2,55.0,Male,North Michael,High,2019-11-20
808,0459e6be-4948-4c63-8ea4-2aee6917f642,29.0,Female,Deborahville,Unknown,2020-09-03
809,9560ed71-7a04-4cd9-a576-b622c5690487,61.0,Female,Rodriguezberg,Unknown,2019-08-07
810,580dd6e4-0598-4d7d-aef6-e6572e857e50,26.0,Male,New Johnnyton,Low,2021-07-07
811,8d8fe8bd-2009-4a15-be37-83dba3cef447,60.0,Male,East Dennis,High,2024-02-07
812,52eb3b13-b1f9-4d12-96ef-28d3cfd71f75,45.0,Female,Taylorport,Unknown,2020-09-17
813,2d76d24b-3693-4802-8014-9ea47fb95597,24.0,Male,Mcdanielburgh,High,2024-06-03
814,ebae3bd0-ff1e-43a5-856d-bc85eebf9057,36.0,Female,Amandaside,High,2023-07-28
815,cde6cd4b-e06e-42f1-a96d-3864b010bb83,26.0,Female,Lauriebury,Low,2023-10-20
816,e2793648-25fc-4270-b977-c87b382ab8ba,27.0,Male,West Debra,High,2020-07-30
817,1756838b-8368-4852-b4a5-32a23643a3dd,26.0,Male,North Ian,High,2024-04-13
818,fcc8bb46-d8da-4948-8cd6-fdf4f9d19aeb,38.0,Female,New Alicia,Unknown,2021-03-11
819,d0358bf0-a146-43e2-9d5a-c5418a3eae00,26.0,Female,Greenside,High,2019-10-04
820,2be2a985-68f6-42b1-95a8-768c5c661980,44.0,Female,Lake Keith,Medium,2019-12-11
821,00145374-004a-4685-af4d-c8a8967b969e,68.0,Female,Jacquelinehaven,Unknown,2023-04-28
822,55089953-71c4-47ee-982a-996d42016a40,46.0,Female,Lake Eileen,High,2021-08-11
823,cb57520c-e9f2-42e1-927e-facd8e57c1a4,68.0,Female,East Michelletown,High,2023-06-07
824,554a56a2-12f8-4e57-a08e-706b37aabb1f,55.0,Female,Warnerview,Low,2024-02-26
825,5cea80e1-34e1-4474-806d-73710d8c86b6,23.0,Male,Benderburgh,Low,2023-05-12
826,c8729633-03c2-4e78-9f08-fa98a0f68780,51.0,Female,Cruzbury,Medium,2021-04-17
827,2fb831c7-4ce9-435b-959d-3f69e179a6bf,50.0,Female,East Jeffrey,Medium,2023-07-21
828,db354959-55a3-4dbd-aa69-2c0885adb268,45.0,Female,Youngville,Medium,2021-01-27
829,2ad7dcee-ed9c-4a7f-b631-377268bc623b,36.0,Female,Amyville,Medium,2023-11-29
830,cac92dca-e363-4f27-aae3-d4ab2efb2936,22.0,Female,New Katherine,Low,2020-11-19
831,3d24b8d6-68b7-46bd-ad7b-5cd8b8c6f8fd,40.0,Female,New Nicholas,Low,2022-04-22
832,37a8ee69-e419-4e15-a2dd-215b57b3ba67,64.0,Female,Port Stephanie,High,2021-06-22
833,1bd87b89-9fa1-4af2-94a6-d0fa3ad7f5bb,59.0,Male,Joshuatown,High,2022-09-13
834,7691d772-0192-40d5-b83c-ae8fdb5e99a9,56.0,Male,Melissaport,Medium,2019-08-02
835,a194ec8f-3ff6-4c4c-a9ab-bad2c4c4871a,45.0,Male,Kimside,Medium,2020-12-24
836,da210b8b-9cc5-4076-8f5f-597c046ac00b,63.0,Female,Jacobberg,Low,2021-12-11
837,00742b15-bab0-440f-a085-221ce13d95a0,51.0,Female,Alexisview,Medium,2021-07-29
838,9999664e-1d14-44b5-8694-7f9643e70cf8,27.0,Female,East Alantown,Unknown,2024-05-25
839,a5d08a95-9dba-4e3d-b997-1cfdde6a89ef,68.0,Male,Port Crystalshire,Medium,2022-04-22
840,7bd84910-16c5-4f61-bd07-34f1ac8df8e3,43.0,Female,Samuelside,Medium,2019-09-02
841,ba69bfd2-d20e-4e6b-9e6b-213afe33f0b5,43.0,Female,West Charles,Medium,2019-08-30
842,71904c78-c815-499d-8289-88ae7c89883f,65.0,Male,West Melissa,Low,2024-04-04
843,c44755dc-2d19-49e1-bf56-b7ca5b41d1c8,56.0,Female,Lake Alisonport,Medium,2020-10-01
844,2d1c8d1a-be1f-45a9-82d8-036f5e17d809,36.0,Female,Cherylborough,Medium,2021-04-22
845,03d6d674-5310-4a05-ab0b-8cfedc46a1ab,29.0,Female,Hoganmouth,Medium,2023-02-01
846,3eb14165-078d-44d3-a0ca-4b3127b810a9,20.0,Male,Timothyburgh,Medium,2020-10-04
847,2914da6c-c083-47d2-8e78-f26c44cbc042,57.0,Female,Jasonview,Medium,2020-01-04
848,d64b0c8d-1831-4b29-baa2-08c4d5c3a0f9,25.0,Female,Brittneychester,High,2020-02-15
849,2385bfff-048b-4777-ac65-789c2848f3c5,37.0,Male,North Lance,High,2020-03-01
850,bc2031d8-5a4a-4cfc-98f1-0c1b8cc33934,60.0,Male,Emilyshire,High,2020-04-27
851,c41c2c17-1dd7-456e-b30c-13dc5301939c,44.0,Male,Hollandmouth,Medium,2021-11-21
852,12ff1360-f3fc-42e3-83b9-33e7b3bb4d70,56.0,Female,Jonathonbury,High,2024-01-13
853,c025cb2c-f974-4ce8-8f7a-daa6bad38757,66.0,Female,Davidview,Low,2023-10-28
854,bf0a07a9-65c1-43c1-bd8e-2c5628e88d4e,48.0,Male,South Johnport,Medium,2024-02-23
855,8b721b25-42d9-48ce-8f1c-c3e43f505df3,61.0,Male,West Tara,Unknown,2022-06-09
856,ff3f41ad-9dba-4ce4-97fb-022a275ed0d8,25.0,Male,North Eugene,Low,2020-09-29
857,9cb537a8-07c4-4bff-82ec-f3eed82e8917,23.0,Female,Curtisville,Medium,2024-06-13
858,b46c7ee5-934c-4e73-b1d8-53a9dd65d7cf,42.0,Male,Jenniferfort,Medium,2022-07-28
859,948ad644-2c83-4eb1-af0c-c16e76afccfb,68.0,Female,Steinton,Low,2021-01-19
860,0865a620-9ff4-46ec-9f14-7efdd071a041,19.0,Female,West Sandraberg,High,2022-10-19
861,a095ecee-d75e-448a-b093-0a123e59a133,31.0,Male,West Ashley,High,2020-06-20
862,aeaf225f-d2a0-4a65-89cc-332358117295,67.0,Female,Lake Jeremyfurt,High,2023-06-11
863,1ed01bef-384d-4c8b-a672-7c292860d7c1,18.0,Female,Port Adam,High,2020-09-22
864,cde1e44f-a68f-4667-898e-13f163453d9b,38.0,Female,Valdezside,High,2020-01-16
865,8625ce38-0973-4727-8133-b77f37efcff3,30.0,Male,Hunterville,Low,2021-02-07
866,50fb6a76-ceff-4446-b79f-059a5dc6fc9f,64.0,Female,South Elizabethmouth,Medium,2023-10-14
867,2913967e-c9a3-4b2e-b325-96d88fb6f0bd,45.0,Male,Port Michaelhaven,Unknown,2022-12-03
868,6cd5d668-396c-4e82-97ae-a8bb7fa1d010,45.0,Female,East Davidtown,Low,2021-03-23
869,15d4ef39-45ae-443e-866c-ce025234f154,43.0,Female,New Shaunburgh,High,2022-11-18
870,4824bfa4-0e82-461c-a6ab-4b79b8b3ee39,63.0,Male,West Bradleyview,Medium,2023-12-01
871,3e44871b-f56c-4576-b1ca-d1dc999e2166,40.0,Female,Porterport,Unknown,2020-09-03
872,abeab0fe-53bc-42d0-98c4-cf2ad557a781,57.0,Female,New Jay,High,2021-04-20
873,bbd7722e-a596-4d09-bfc2-444058f373b4,63.0,Male,Johnsontown,Low,2022-02-11
874,3aa802b5-f744-4c3a-ba56-d6bad87185b6,68.0,Female,Port Dustin,Low,2019-09-30
875,d2bb49df-5fb9-4d03-be43-28b282c45f75,41.0,Male,Ericaburgh,High,2020-05-05
876,16325c6a-8153-4be7-ac35-98948ca06479,58.0,Male,East Trevor,Low,2020-07-12
877,d8fc115f-73be-487b-bdae-921eee1052bb,49.0,Female,Ashleyport,High,2024-02-02
878,5cdc991a-892c-438b-8eb2-36454910a1a8,44.0,Male,Courtneystad,Low,2020-12-17
879,291b8d92-ed74-401a-a002-c9663056e74c,18.0,Male,Rodriguezburgh,Low,2022-07-19
880,611579fd-8fbf-4d43-9be7-fba6794da5be,20.0,Female,Joberg,Medium,2021-06-23
881,b1c1b919-9783-4528-893c-3368d978e622,42.0,Male,New Sarachester,Low,2019-11-22
882,d809597e-df4a-45f5-aa75-fbb76b0218aa,46.0,Male,Annashire,Low,2022-06-27
883,1938b05f-14b1-4bda-bedf-24863003259e,45.0,Male,Donnachester,Medium,2022-08-29
884,e44dbbca-fc42-4ced-9dc2-b08de81441b6,19.0,Male,Williamtown,High,2024-04-09
885,ed051cf3-6e2c-4857-91c7-57cec78e440b,45.0,Female,Lauraport,Medium,2021-12-11
886,09c0c7b1-2af9-4485-a602-d49c6cdcf2d0,31.0,Female,New Patricktown,Low,2023-06-20
887,a76ed7fb-f0eb-4927-9cc5-e92294c44403,39.0,Male,Matthewsport,Medium,2019-11-11
888,68a34884-ded1-47ee-b1d7-c257bcc70050,67.0,Male,Ronaldville,Low,2021-12-05
889,4605103f-9b58-43c8-baf9-73abfb2c0441,37.0,Female,Hooverport,High,2022-12-18
890,4672a7dc-7ca0-4f99-b0e1-3a208796dbd6,45.0,Female,Vaughanhaven,Low,2023-07-23
891,57ed9f50-dca0-44b5-9d66-807135eccbee,18.0,Male,North Kylemouth,Unknown,2022-01-20
892,f510a5f0-b4b9-4445-82e8-0157ee2947e1,68.0,Male,West Scottside,High,2019-12-08
893,81f707be-02c8-4a57-9bc5-ddaa9b6f31db,45.0,Female,Farleyfurt,Medium,2021-01-03
894,9683330f-de08-43c6-bc90-a11eaf8b5af5,37.0,Male,Frankfurt,Low,2022-09-05
895,8d435ee0-fa33-4553-880a-e26511ac3921,48.0,Female,Wheelerborough,Low,2021-04-11
896,17b835af-f4c8-414c-a611-0441d5485734,27.0,Male,East Patriciamouth,Low,2024-02-12
897,fa4f8603-d65a-46d3-ba33-ec3705fb24f3,68.0,Female,West Davidchester,High,2021-09-14
898,74705e26-86f9-4ba5-ab58-f6dd42fa846b,25.0,Female,New Tim,High,2024-06-17
899,9c649d2d-4a30-4ae5-865a-044f7f0bb386,54.0,Female,West David,Low,2022-04-24
900,210a6746-068a-4dc1-b3ba-e4321ce7b8fd,45.0,Female,East Kimberly,Low,2023-11-15
901,d499e291-a5a7-4b2e-9a89-99c0a49da18a,51.0,Male,East Micheleview,Unknown,2022-07-29
902,9b3cf1b8-e726-466c-b26b-31aa11a13acb,62.0,Female,South Lauraborough,High,2019-11-02
903,5bb39dd7-ae2b-4db6-ad9b-d05bc738463e,26.0,Male,West David,Unknown,2020-08-22
904,03d7aa25-0f9d-40a3-9eb4-baa5a4e14e9f,46.0,Male,Lisahaven,High,2022-02-07
905,9456ad0f-9018-482d-989a-323d0a228815,24.0,Female,North Allison,Low,2021-01-23
906,a92b56a1-de04-4528-a83e-93a0e59aea4d,46.0,Male,Vazquezstad,Low,2020-03-09
907,618bb55c-2c9a-4e5c-ae8d-a79bc0754d75,25.0,Female,Port Debra,Unknown,2024-06-03
908,5000dc5d-f0c7-456c-9603-e73c6835b085,55.0,Male,Washingtonmouth,High,2022-02-25
909,4dc5da78-1e88-45ee-ba6e-c9cade3a0df2,24.0,Female,Woodshire,Medium,2021-01-06
910,d45f2c3e-51ee-4f18-b761-b61a73fb8306,62.0,Male,New Chad,Unknown,2023-01-21
911,835384f5-c976-481d-8961-cc827dc62c6b,60.0,Male,Stricklandport,High,2019-01-07
912,b46b45f2-bb07-435e-b5a8-0626db6f7a07,41.0,Female,Lake Darylton,High,2021-02-07
913,409c8d3d-63e6-4280-a699-91933c1eee73,63.0,Female,Jaredberg,High,2023-04-08
914,ee802844-8070-4699-b60d-3568a7d306b6,66.0,Male,Wayneside,High,2022-06-14
915,3828c289-6aa1-41e0-94d4-10d24539c9de,58.0,Male,Andrewstad,Medium,2024-05-04
916,4d6201bd-1955-4e6a-adec-a7afe7109977,57.0,Female,Port Georgeland,Low,2020-06-11
917,6fa635e0-d171-4413-a101-1b41e4831ce4,39.0,Male,Lake Lindafort,Medium,2021-05-23
918,37d18605-6890-4f11-bb14-23b460734df2,45.0,Male,South Jacqueline,Low,2019-11-02
919,490b5454-a091-450f-9a4d-917c38ccbd32,51.0,Female,Chentown,High,2020-12-29
920,2130fd89-6ba4-4f36-bb90-2327cf27d0d6,68.0,Female,Rossburgh,Low,2023-03-05
921,3f77788b-c066-4700-845f-bb87269c1d5e,23.0,Male,New Tiffanyfort,Low,2019-12-02
922,44351274-c7c0-46f5-9c30-7b1fc22b590e,25.0,Male,Beckshire,High,2023-06-05
923,20cf5d25-bcb2-4574-98b8-2f11d28ec2a0,26.0,Female,Port Jasonstad,Low,2020-07-27
924,6d8e562b-b51c-47b5-9ff9-18b624030aab,50.0,Male,Chadburgh,High,2022-05-17
925,7335edae-4008-4386-ac65-f67b54eb40cb,45.0,Female,Michaelview,Unknown,2024-06-29
926,3152d2c4-69d8-4986-9a29-5fecd49149b5,59.0,Female,New Dianeberg,High,2021-07-04
927,f119a23a-ea0f-425d-917f-749d48adae57,53.0,Female,Shariview,Low,2022-12-08
928,306b1117-5749-4c99-bde1-62b0c65307a6,67.0,Female,Jacobsville,Medium,2019-08-16
929,ec6a7281-86ab-4dcb-a131-76b341681c6a,67.0,Female,West Ashleyhaven,Low,2021-10-11
930,7544b929-8f47-4c93-98b6-e5748e3b5715,54.0,Male,Dunnfort,High,2019-07-16
931,85e0db6e-a0e0-455e-ab04-d8cf6dd6ec88,62.0,Female,New David,Medium,2021-07-15
932,648c38d5-0bc0-4236-a9fe-4e8f0ff96fa7,47.0,Male,Port Kathrynberg,High,2022-06-02
933,ac538aea-1b99-4e0e-ae5c-1bdc2ce648ef,37.0,Female,Thomasshire,Low,2020-12-25
934,6492040d-56f8-4c1a-bbe0-5b62fb39c65d,58.0,Male,Margarettown,Medium,2020-09-06
935,4d866e12-9820-413c-a5f9-e3a95d8d82b0,36.0,Male,Barbarafurt,Low,2021-12-26
936,9e99f76d-1daa-44b5-89df-85554e334b59,50.0,Female,South Jaimemouth,Unknown,2021-04-21
937,41515dfb-2748-4294-af0e-530898e03af9,57.0,Female,Port Jeffrey,Medium,2023-05-11
938,2d71443b-57dd-4422-89b1-57ade9d5002d,46.0,Male,Marymouth,High,2021-11-28
939,7470cc5e-889a-4419-bba8-42853bdcbb59,22.0,Female,Brownport,Low,2023-04-13
940,30c2e5ab-f717-40b2-84e8-018ca33b5467,26.0,Female,East Trevor,Unknown,2022-12-10
941,89a1568b-5c22-46d0-87fb-6ff0ff6ba8aa,21.0,Female,Port Pamela,High,2023-12-23
942,3afbecff-d6c3-43a5-8533-b4bf714f51de,28.0,Male,Dylanside,Medium,2022-04-29
943,4ce980ee-f71f-4d5f-9fae-d097c78785aa,39.0,Male,Kempview,Medium,2023-08-06
944,a3eb47ea-51aa-4e1a-9d5a-48363ff52433,68.0,Female,Sawyertown,Unknown,2021-05-29
945,937245e3-10c3-446d-ab02-f916fb556395,50.0,Female,Port Daniel,High,2022-03-01
946,979bc8f4-1b2a-433e-8ae5-a4932b819a3a,57.0,Male,Zacharyside,Low,2021-02-23
947,5956fb3e-5c6e-4c17-ab6a-99d5847768fb,68.0,Female,New Destiny,High,2024-02-02
948,26a40f69-7707-465d-8455-583546cd02d4,48.0,Male,South Veronica,Low,2023-03-04
949,14f69a78-9c96-4d1c-87cf-cdba59d09e2d,48.0,Female,East Hannahfort,Medium,2020-05-10
950,7e98133e-29ac-443b-a139-91a28f510ce8,45.0,Female,New Jenniferport,High,2019-08-16
951,7e3a1e49-a8dc-4164-8f93-041c4b4785e9,55.0,Male,Lake Alexis,Medium,2022-12-15
952,95f9b3a5-f108-4cd4-9887-97e9f01e36b0,45.0,Female,Ayalaborough,Medium,2021-01-03
953,c1c02927-e338-4f99-8441-7c3edda6850d,37.0,Female,West Willie,Low,2020-04-22
954,f9b4b375-c0f6-4225-8419-4c1364fd2ac2,60.0,Male,Lake Juanview,High,2023-10-29
955,8036eeba-6f8a-4859-a21e-16f4c29cfa3d,59.0,Female,Wheelerchester,Medium,2022-12-03
956,cd6c03d9-6ae2-4bc1-a9aa-1d830fe9389f,24.0,Male,Michelletown,High,2024-05-26
957,b01cf495-5ea5-4cb7-acd3-b2c1e6983959,36.0,Male,Hayesfurt,High,2020-01-08
958,ff4af2f8-bdeb-4428-bb48-5cfe24faf272,18.0,Female,Jenniferside,Low,2024-04-28
959,478f6102-4807-431b-8bc5-c7f535335571,39.0,Female,Jasonberg,Medium,2021-07-20
960,43d5ecb1-2850-45a0-b765-cec175e0030a,29.0,Female,Greenebury,High,2022-10-31
961,aa5eea4b-c948-41f4-9285-229a470002aa,65.0,Female,Reidville,Low,2023-12-30
962,93532115-4bd5-4a6e-b019-c37003555495,46.0,Female,East Elizabeth,Low,2022-02-13
963,681db0ac-5b4d-416e-9bfc-dfd83a92f77b,55.0,Male,Collinsstad,Low,2020-12-20
964,d73b85a1-9eaf-4141-ab97-d98e418cd938,51.0,Male,Freychester,High,2024-01-20
965,aa4cf657-e60d-48c3-83e9-9c8bafd0067e,21.0,Male,Port Mariaport,Medium,2020-02-27
966,880c2be8-e89a-4a9c-8222-e809e848067f,36.0,Female,Millerfurt,Low,2024-02-18
967,6c004b13-ff57-4693-b720-b72958029b20,24.0,Female,West Cynthia,Medium,2023-11-13
968,7ab5cb0d-4284-4b14-9414-dbba3b9c2e89,28.0,Female,South Steven,Medium,2023-11-03
969,38d746bd-c227-416a-aa28-610ffd379e58,18.0,Male,Deannaville,Low,2021-05-13
970,cd9a1627-ed08-4f4c-b20c-1d0271efda68,67.0,Female,North Marcusmouth,Unknown,2023-03-05
971,bb275448-8285-40dc-8d02-657918eea20f,23.0,Male,Mcmahonberg,High,2022-06-02
972,521d871b-7afc-459e-b79b-9fa07501277d,19.0,Female,West Stevenmouth,High,2024-06-05
973,6db13c6e-a2bb-49ad-a464-502b5043aa88,23.0,Female,North Samuelhaven,Low,2022-12-17
974,8c30e42c-b170-4826-8bd3-c884b5f0715d,55.0,Male,New Douglasfurt,Low,2024-01-02
975,1559b55b-9653-4992-90d5-8819bd5466ef,68.0,Female,South Madison,Medium,2023-08-17
976,4225bf5f-e947-40b9-afc6-26d5ae6f114e,58.0,Female,Alexbury,Medium,2022-04-04
977,80beb9b6-a0a9-4d5e-9bd3-58e9a85a92a8,26.0,Male,Stephenfort,Medium,2022-04-15
978,cca487f5-d4c5-402f-8ddb-1c60afb1b70f,54.0,Female,Port Matthewshire,Low,2023-11-27
979,ddd6874c-cdb5-4171-b1be-4a64d7f13246,57.0,Female,North Ronaldchester,Low,2023-11-13
980,5fc803f3-f4ce-45dd-a3d4-c79923fac8ac,56.0,Male,Greenport,High,2020-07-09
981,e91f7528-96a8-4286-877f-3e8b25000a74,21.0,Male,Wangport,Medium,2020-02-22
982,6f27b068-88f5-4889-b7c4-2c78c9003846,48.0,Male,New Ashleyview,High,2022-07-20
983,d59cf513-ec9c-40e3-919c-57e7893b0ae6,61.0,Female,Townsendfurt,Low,2021-10-03
984,d685efd0-30a4-489f-bdd6-33c8ae37d486,68.0,Female,East Ryanmouth,Low,2021-11-12
985,5dadaa1f-e9ec-489b-9fb3-722b7086c116,25.0,Male,South Ronald,High,2021-09-22
986,4cd13dc9-b100-4667-a060-3f0f29317233,63.0,Male,Jeremyshire,High,2022-01-05
987,045ab4a7-5793-4f93-bb9a-8becd4e20422,22.0,Female,Arielburgh,Low,2024-06-22
988,f969ee04-7064-470e-8e2f-b4ed0fc6d140,54.0,Male,Mendozahaven,Medium,2021-07-01
989,32ae4542-77b0-4a2c-90c9-63b08e717945,37.0,Male,Brianshire,High,2022-08-27
990,012b8b0c-d854-4700-85dc-5d87b1c59133,53.0,Female,Michelleburgh,Medium,2019-08-11
991,fb14afde-4087-42b4-9010-ad71aa367602,63.0,Female,Merrittmouth,High,2022-01-25
992,f5713ff7-0bcc-41c1-a71b-ac9113ac43a9,54.0,Male,Cooperstad,Low,2023-10-03
993,d516528d-a3a1-4da7-b917-85423e8a18de,45.0,Male,Justinhaven,High,2019-12-29
994,69c0971b-1c85-429a-aa61-496f9c0a4410,56.0,Male,Brendamouth,Medium,2024-03-12
995,fa0dc784-a706-4a5f-b6de-f40b3b592312,27.0,Female,Port Rodney,High,2020-05-13
996,2c8cfc56-f3f5-4fcc-b351-beca319d89d0,20.0,Male,North April,High,2021-03-09
997,5885fad6-6e49-4fe4-8f82-63e3ad6d98bd,57.0,Female,Lauraberg,Medium,2023-10-29
998,c5440e19-6474-40f0-9306-f4d590035241,68.0,Female,Lake Brandon,Unknown,2022-08-14
999,890f10ce-36f6-4993-9a2e-a00dfdf01609,33.0,Female,Denisehaven,Low,2022-09-04
1000,570259d3-ecc5-4bc2-8154-51134d7944c7,68.0,Female,New Amandaport,High,2022-02-12
1001,85d20157-cb0f-439a-85af-7172437a91a0,64.0,Female,North Peterton,Low,2020-06-04
1002,1bc7f7da-3a8f-4df1-a411-c7c1d9a794fe,45.0,Female,West Erica,Medium,2020-12-10
1003,77890bc9-6dae-4364-a538-b68a17959fb6,68.0,Male,Jonesside,Low,2023-04-09
1004,e5be0323-763b-4ce3-a575-f58313b295d5,59.0,Female,Trevinoshire,High,2024-05-04
1005,083a0655-df0b-4f0d-8360-4867dbc97219,53.0,Female,Port Logan,Low,2021-08-27
1006,4df4aaef-d7d8-41db-b568-bbd40073adcf,28.0,Female,East Tammyfort,Medium,2022-01-19
1007,05e09646-040f-425a-b5b3-d6f113e0c75b,65.0,Female,Doylehaven,Medium,2024-03-01
1008,8eb5a52b-e337-426c-8005-a95cb7c02e85,65.0,Male,Lake Vanessa,Medium,2020-08-05
1009,09607bcf-49c0-4079-b620-744d5584bc15,27.0,Female,Elizabethside,Unknown,2021-06-09
1010,3f143ceb-9a9f-4305-90d6-fa7a298ce6de,26.0,Male,North Edward,High,2021-09-01
1011,ce472105-9aa3-4b0c-b3bc-76cb0660c915,68.0,Female,Lake Hollyport,Medium,2020-02-02
1012,32cef811-93ec-48b4-9fa5-e1174156e8cc,19.0,Male,Jimenezhaven,Low,2024-06-20
1013,576fc0ef-5017-4d85-ba43-136e65f10a7f,19.0,Male,South Gary,Low,2020-03-04
1014,20114fe0-564f-497e-ab8e-81e4a440d2ca,37.0,Female,North Jasonburgh,High,2021-08-06
1015,4036b75e-c3f6-4de4-893e-3f959f42cca3,53.0,Male,Michaelmouth,High,2020-05-30
1016,e7c7f991-9b89-485f-b2e1-216ac5c661a0,45.0,Female,Savagestad,Low,2021-01-11
1017,a53c8c2d-9bcf-4812-ab7a-10840de166fb,68.0,Female,East Amy,Low,2023-11-12
1018,af734530-07b6-48cb-9abc-666657f88a24,18.0,Male,East Stephanie,Low,2020-03-06
1019,85efcfc8-7afa-44db-95e7-10aee30a5567,67.0,Female,Samanthaville,High,2023-12-24
1020,a254d583-6888-46d2-aca9-8275d25874b1,45.0,Female,Donnahaven,High,2022-02-20
1021,0c67f7ad-06a0-4f16-a1ca-f8e5fb659fa2,68.0,Male,Port Eric,Unknown,2020-07-15
1022,922f254e-c6a3-4248-8d71-08e99bb103e3,18.0,Male,Sylviabury,Low,2023-04-23
1023,4bd40429-64f4-4702-8327-40195f8e362a,47.0,Female,Calvinton,Unknown,2019-10-06
1024,309a0ae4-8bd2-4440-935a-44f504c66431,24.0,Male,South Mary,Medium,2021-05-08
1025,0954b343-b164-4ddf-bb51-c7c2ae3ce6bc,50.0,Female,West Lawrencemouth,Medium,2021-12-24
1026,e42f4991-d951-4403-985c-c5633581c34c,24.0,Male,West Sarahmouth,Low,2019-10-01
1027,7bd046aa-e975-4e90-a602-9d9166b5da32,68.0,Male,Port Jerrymouth,High,2022-12-31
1028,64d8f1cf-7f71-495f-8ba1-c90332919799,67.0,Male,Cynthiaborough,Low,2020-10-30
1029,152b0a87-9600-4cb1-b0ae-b43c85433787,20.0,Female,Howardhaven,Medium,2022-10-20
1030,b82ee981-f4ba-49e3-95de-49084a33db20,20.0,Male,East Stacymouth,Low,2021-03-28
1031,bb9fe5fc-54eb-40e2-b018-e10336add183,48.0,Female,Ianfurt,Low,2020-11-06
1032,a5284ac0-f7ab-4894-ad0c-365cf6cb1c12,32.0,Female,Phillipsmouth,High,2021-09-22
1033,c3547dd4-61cc-495c-a7a2-b103bbae3835,54.0,Male,Brownshire,Medium,2021-09-08
1034,eaa372ee-4574-43db-adb8-8bb3e92226e1,45.0,Male,New Steve,Low,2021-06-30
1035,48549119-da23-41f7-be83-e394412b2e6f,28.0,Male,East Pamela,Medium,2020-11-21
1036,78ec7e1e-7fe7-4655-9fd9-fbbc633530e0,55.0,Male,Gabrielaport,High,2022-05-05
1037,5f410d51-be10-4971-9408-38c17e8c74d5,41.0,Female,East Alec,Medium,2022-10-21
1038,aff6d0b4-099b-42fe-b7e4-ca0622aa4aa2,57.0,Female,Kylestad,Unknown,2022-05-04
1039,6dd8978e-5318-4566-9ffa-57b18aa237b0,52.0,Female,Lake Melissa,Medium,2023-06-08
1040,95cf4dc5-5521-4559-9b97-5cd62467916e,30.0,Male,Parkerchester,High,2020-10-02
1041,f6bbcdaa-e3ec-489a-9d20-b2599f57323e,26.0,Female,Hollandborough,Low,2022-05-12
1042,b098fd09-1bc2-4c6d-9471-e968869aaaa6,43.0,Male,West Jessicabury,Unknown,2019-08-25
1043,428c1b00-d1dc-4d9a-b4e0-60d112f3352b,60.0,Male,Williammouth,Medium,2019-11-11
1044,af22c4bc-8b3d-4261-9920-fddb8b83607b,55.0,Male,Port Katie,Medium,2022-05-18
1045,93542fd5-1481-4d68-a22a-21db8ec3ba55,22.0,Female,Hamiltonville,Medium,2023-02-10
1046,40b91e2f-7da8-48ea-97ec-f623cd22268f,52.0,Male,New Linda,High,2020-05-18
1047,8f60f9a2-af9f-4d34-9b31-1b572d58b17b,41.0,Male,Delacruzchester,Low,2020-01-15
1048,510c4dc8-5283-44e1-a4b9-0fce0ada073c,23.0,Female,Port Jillfort,Low,2021-06-07
1049,6d15043b-6efd-4f7c-91b3-e36cbd08f631,45.0,Male,Anthonystad,Unknown,2020-11-24
1050,8b01dabe-8fbe-46b0-8684-d7cc59a613ba,19.0,Male,Amandaside,High,2020-09-19
1051,6b33caf2-aa50-406e-bfd4-87286e12ecc9,64.0,Male,Gabriellaton,Low,2023-11-04
1052,62569bed-8b56-46fb-8325-a8e8c062f34f,25.0,Female,Staceytown,Medium,2024-04-27
1053,3c0a3687-a1aa-421e-b671-9e4f859c56e4,44.0,Male,South Barbaramouth,Medium,2020-05-07
1054,56b27186-f97e-4afc-9dc4-bf8324dbc2b9,45.0,Male,Thomasberg,Low,2020-04-09
1055,ab87783f-5151-4b06-9f4e-324a0f107035,64.0,Female,North Anthony,Medium,2019-08-27
1056,70ab53ec-988e-4765-a059-e2c9e574c6b5,68.0,Female,Foxmouth,Medium,2020-10-28
1057,6c5fd8b1-191b-4c4e-9940-63097bed25c5,68.0,Female,Traciview,Medium,2019-11-21
1058,24883904-8fb6-40fc-b288-1e20291c98c6,47.0,Male,East Zacharymouth,Low,2020-04-30
1059,850b944b-16e0-4dce-a61f-84cb687b5c05,58.0,Female,South Victoria,Medium,2021-01-20
1060,7ebb1bd0-ca6b-4090-9351-c4793fdf4bfe,68.0,Female,New Davidstad,Unknown,2021-08-14
1061,a073b8eb-387b-44df-a475-eea590732346,45.0,Female,East Nicholas,Unknown,2024-06-07
1062,c5537a33-a4c2-4e97-b439-a4d59e2baf6b,50.0,Female,Johnsonland,Low,2023-11-30
1063,7ee0295f-2941-4d94-b649-e782f59f9cbc,36.0,Female,West Justinburgh,Unknown,2020-05-11
1064,a6cdffb1-b3cf-4aa3-af54-e42be3a8c260,60.0,Male,East Amy,Low,2020-01-30
1065,7e78d05f-37e2-4af3-a15a-7ad19a968010,45.0,Female,East Samuel,High,2022-03-27
1066,113460b4-6a4a-4298-b54a-cf639a551f78,60.0,Female,New Tonya,High,2023-11-05
1067,88efac91-e005-417f-bc9e-57a5deb7f746,59.0,Female,Hansonburgh,Low,2023-12-10
1068,2cecde18-be4f-443a-9e48-fc7013fce734,43.0,Female,East Danielle,Low,2021-11-12
1069,83daf4d4-0b79-4938-8936-0237e7de0653,56.0,Male,Port Michaelstad,Medium,2022-04-30
1070,81d213e6-e289-482d-b2a9-326144b84d2c,24.0,Female,Johnsonville,Medium,2022-07-12
1071,3086bbcb-41c0-445c-bb8a-9ae2d41a307b,43.0,Male,New Tammyberg,High,2020-05-04
1072,f9a95810-d0b9-4606-baac-d7240340b329,29.0,Female,Youngchester,High,2024-02-28
1073,803996fa-5d86-4045-a840-6d4a36ee2ce0,62.0,Female,Adamsview,Low,2023-10-31
1074,32a6aab3-13d2-482e-ab35-d6bffcee7799,68.0,Male,Reginaldview,High,2020-09-22
1075,84eb0d99-5f2b-4fad-a39c-8794e94c25e4,40.0,Female,Jonathanburgh,Unknown,2023-11-05
1076,dd326157-b76e-48ca-a375-fd97e1dab6c9,68.0,Male,Stricklandmouth,Low,2022-02-24
1077,75d369cd-62a5-4edd-b227-57b51e87a2ff,62.0,Female,Maryville,Medium,2021-02-23
1078,d1819fe7-bcfe-433e-9f59-83aa549cc779,63.0,Male,Penaville,High,2020-03-02
1079,fa6fd647-df0a-4c45-a6c3-d6354d7249b6,51.0,Male,Charlotteland,Medium,2022-10-19
1080,ac906dd5-fc1e-4a36-b634-524b38d98142,25.0,Male,Port Johnville,Low,2022-10-29
1081,b3dd8e85-02ff-4345-b148-e76de51adf54,45.0,Female,North Jessicaport,Low,2022-10-01
1082,ee67e3c2-fae4-41ae-a59c-ad19bb81d78c,36.0,Male,New Sharon,Unknown,2021-11-09
1083,21cf893c-6a1b-4d6b-b7a1-3650ab036955,28.0,Female,North Melanieburgh,High,2024-02-15
1084,c523a06d-69e9-48ab-9604-a060d44f8aaf,41.0,Male,East Adam,Low,2022-03-02
1085,4daabb30-a613-4170-bdb6-b79e45d9856b,44.0,Male,Gutierrezburgh,Low,2021-09-27
1086,70da266d-0532-45f4-b771-dbccb4c66583,37.0,Male,Banksburgh,Low,2023-09-27
1087,8fc8a8ff-33a1-43e9-91a1-37969a253271,48.0,Female,Leahfurt,Low,2021-10-25
1088,9b5d531c-c43b-4227-8f62-1fe37743eead,28.0,Male,Shannonmouth,Low,2021-09-27
1089,b7f316e2-d6dc-4b42-ae5d-429da67a3c64,27.0,Female,Escobarton,Unknown,2020-03-28
1090,78a89caa-958f-4eb6-850c-88f70736f76b,60.0,Male,Toddside,Medium,2019-11-26
1091,551a4700-bea6-4596-b371-48c0ee1b5bf0,36.0,Male,Jamesfurt,High,2023-03-04
1092,e06f0e16-8e48-483b-b103-9f105b139ca8,68.0,Female,New Katherine,Low,2024-01-25
1093,5f60f582-6e37-44bf-8530-84c3153328ea,45.0,Female,Smithfurt,Low,2023-10-26
1094,911d5518-9c25-46b2-8c6c-fd0dfae0f9db,18.0,Female,Mannington,Low,2023-05-29
1095,ab125c81-4129-466b-a8a4-f127fa73e694,26.0,Male,Port Kathleenville,High,2020-12-06
1096,59e1ccfe-8f67-4f2c-8e4c-f1483df35ae8,42.0,Male,East Stephanieland,High,2021-01-09
1097,104bf67f-1567-4f5e-b41b-64b230b1e898,45.0,Male,Smithtown,High,2024-05-31
1098,dd3e83e3-e96e-4b3f-9618-63adc37d3bf7,25.0,Female,New Catherineville,Low,2022-04-21
1099,d6ed3502-78f1-43f9-8e6e-08036713d30e,27.0,Female,Josephburgh,Low,2022-04-08
1100,9c3b9b35-fae7-4692-9020-d19431d7162c,68.0,Female,New Deborahmouth,Unknown,2021-09-15
1101,bcc09f71-4f5e-41fc-96c9-787234f3278d,59.0,Male,Lake Brandiburgh,Medium,2020-08-23
1102,4f6d0e26-dbf8-4abe-8b06-083acba71564,45.0,Female,Port Sabrina,Low,2022-02-12
1103,75675707-f167-4964-ae1c-9081f3a8f775,36.0,Male,East Dakotaborough,Low,2022-08-05
1104,8293800b-3b95-42b6-b9bb-80737109e549,28.0,Female,New Terrystad,High,2022-09-22
1105,06af0246-5f53-45f4-997e-bf42706b11d7,53.0,Male,Stevenberg,Unknown,2022-11-25
1106,74364a0b-426f-4da9-8cba-d18cf33c6e39,41.0,Female,Cassandrafurt,Low,2023-02-21
1107,be6d0504-0efd-4ae2-8121-31372c6eefc3,27.0,Male,New Richard,Low,2020-08-29
1108,ef10b8a1-1014-4edf-a80e-207b7790e894,64.0,Female,Jamieview,High,2023-03-14
1109,ed585d22-017e-4f05-aa00-858c875646e3,50.0,Female,East Jason,High,2022-01-24
1110,84d3ab76-1969-481a-a3e2-6ac901725045,31.0,Male,Lake Joseph,Low,2023-12-24
1111,81686210-68e1-41c0-b77f-7c61e21dab8c,57.0,Female,Aprilland,Unknown,2024-06-08
1112,c95dd000-c041-4a0f-9bb4-1d43d2336aa1,27.0,Male,Pughhaven,Medium,2024-03-11
1113,092b15d2-2ae3-4db7-a40c-950399b76d08,32.0,Female,East Tracy,Low,2024-06-08
1114,210a1b9d-b708-4071-b600-46a1df62bfde,44.0,Female,Kristinmouth,High,2019-07-27
1115,89c577d3-44ff-4129-9169-034642c47cf8,46.0,Female,Clayshire,High,2024-06-24
1116,f5172879-62d2-429f-8170-e7b96906e7c8,51.0,Male,Nicoleside,Medium,2021-08-14
1117,60567026-f719-4cd6-849e-137e86d8938f,37.0,Male,Port Eric,High,2022-03-09
1118,dd2a43cd-bfed-48e5-80c7-a27d7991a6ae,46.0,Female,Marystad,Medium,2022-01-28
1119,e8378bbb-5280-471b-85ce-7d03ad33528d,31.0,Female,New Lauren,Low,2024-02-20
1120,66a5402f-681b-485f-8e79-82e647fd97d3,51.0,Male,Taylorborough,High,2020-08-27
1121,463e4505-d57f-4976-b9d9-20866f01eb0f,68.0,Male,Lorifurt,High,2020-06-19
1122,2f61e9ec-bd83-49dd-a0c4-2eae5f4ef41d,45.0,Female,North Jonathan,High,2023-05-03
1123,c730f890-8def-4e02-a90a-f76b014f521b,45.0,Male,Michaelton,Medium,2019-08-27
1124,f84dbd5b-2a2a-43b9-95e7-79d4c354cf81,64.0,Male,North Kari,Low,2022-11-05
1125,9ecddfde-5bba-42c0-b4a4-8eb1b8f87c17,38.0,Male,South Ericport,Medium,2022-10-15
1126,6dfdcd2e-3918-4dcd-b2bc-34cea11060be,25.0,Male,North Shirley,Low,2023-10-25
1127,648dac00-686c-41c0-8d59-3bee7d3bd390,60.0,Male,West Anne,Unknown,2020-12-19
1128,dd68aaa6-d50a-4b2f-be13-0331ceae7708,53.0,Male,Pamfort,High,2022-11-03
1129,138bf6a0-6739-4cb5-9b8b-09c2a8c0aba6,27.0,Male,New Waynetown,Low,2022-08-24
1130,29b5dfdb-3011-4160-aec5-6761021f86e5,45.0,Male,West Michael,Low,2021-12-16
1131,7cd488a8-e53b-4612-9f00-d499387c1d7b,35.0,Female,East Scott,High,2024-06-02
1132,47bf3bc6-17a6-4b21-82b5-90f78af4c25c,59.0,Female,Smithburgh,Low,2020-02-25
1133,ae828d06-d474-4ec3-9327-0662508c9e6e,28.0,Male,Petersonfurt,High,2021-03-27
1134,1a103b87-f903-40de-8615-fdb7a50db074,43.0,Female,Charlesbury,High,2021-02-07
1135,eee4c0b3-21d6-47ae-8631-718341d97a86,45.0,Female,Patrickhaven,Unknown,2023-01-24
1136,ce5cf079-859b-43fa-9609-c6bb7e12c6b7,45.0,Female,Adrianhaven,Low,2024-01-10
1137,be4e184b-21d4-40f3-926b-bb3d6504942d,56.0,Male,East Albertberg,High,2023-06-28
1138,63a65dd1-0453-4bbf-b80d-70eada1d7075,45.0,Male,North Rhonda,Medium,2023-09-20
1139,03fadc2e-1b9c-4386-aaa9-315f10e504ce,20.0,Male,Port Anthonyfort,Unknown,2022-04-23
1140,1ee3bb5f-94ab-451d-89bb-9f1180ed009d,25.0,Female,Wrightfort,High,2020-06-16
1141,c70e2421-314d-4b85-8417-2aa4bb24500b,37.0,Male,Norrisberg,Low,2022-11-12
1142,9de4e68f-2be5-489d-bbe0-e2dff3d3d24c,59.0,Male,Longland,High,2022-06-24
1143,34c5a998-e0ec-41b1-a904-5e02e75ce5c2,19.0,Female,Johnsonmouth,Medium,2019-12-15
1144,ac456140-869e-424c-936b-6ed9db57af18,52.0,Male,Martinezhaven,High,2019-08-28
1145,0cf298e7-5527-497f-b764-90599766f2a3,25.0,Female,Hallmouth,Unknown,2020-03-30
1146,af4927ba-261a-43f2-93fb-87c102029ebb,65.0,Male,North Melissaside,Low,2020-06-10
1147,dc9d2470-1bc1-4d74-a449-decd463b89c0,66.0,Male,Arnoldchester,Low,2020-06-06
1148,6ddbc7a4-d655-4b0f-b6bb-ffc1d0960a1b,54.0,Female,West Georgeberg,High,2021-10-02
1149,a7e27157-14db-4596-8c76-2e9aaf7b34cd,58.0,Female,Sheltonport,Medium,2023-07-02
1150,bae0db70-6b65-43bf-8821-1327fce28bc5,68.0,Female,South Alexanderfort,High,2022-07-26
1151,d5f8626d-9470-4900-81e4-c8c43e132d05,38.0,Female,South Derrickville,Medium,2023-08-25
1152,c814c7e2-76ee-484d-89ef-8982fcfed5f7,36.0,Female,Lake Stephanie,Medium,2020-06-10
1153,94af9fb6-cf6b-47ae-94b1-932bc5da0e25,66.0,Male,Port Destiny,Unknown,2023-09-30
1154,f60d8a18-c1e3-4db1-9a6e-892ac22d3c35,30.0,Female,West Kellyview,Low,2024-01-20
1155,4804e20e-8110-4cee-9c6b-b0a01c41eeb1,45.0,Female,South Brenda,High,2020-08-12
1156,5510c76b-6eaa-49da-b360-10ed930ab330,44.0,Female,East Jamesland,Medium,2019-08-09
1157,07e5ffc3-0402-45ea-9b53-a75abaec9222,49.0,Female,Starkfort,Medium,2019-10-25
1158,481bcc62-9dcb-4766-bbdd-79f5554d73f8,31.0,Male,South Kelly,High,2023-09-24
1159,675a23dc-8d6e-483a-b0ec-4dbcc6812db9,64.0,Female,West Vincent,Medium,2022-12-11
1160,bf0ab935-f8a4-4d18-894c-bbd1d776a07d,52.0,Female,Lake Mario,Low,2021-03-13
1161,57949a01-31cd-4f78-b64c-392e0a74bd1f,45.0,Female,North Williamstad,High,2021-11-11
1162,f603932e-b69c-434a-a986-e317ac9bc0fc,67.0,Female,Hillhaven,Unknown,2022-03-12
1163,4f938bc6-ff34-4b9d-9043-4187a26b9fff,54.0,Male,Lake Destinyborough,High,2023-02-15
1164,07ea2879-d2f9-49ab-935b-d5d2e21ca816,45.0,Male,New Brittanyberg,Medium,2019-09-21
1165,6218d1e7-52df-4ed9-a5e4-f2e726babb3d,53.0,Male,South Elizabethtown,Medium,2020-01-17
1166,5251218b-9e9b-41c5-8956-0a17d71f1165,24.0,Male,Jenniferland,High,2020-09-17
1167,1f20eccf-664d-4f9b-b7b3-6c7e5ab0a5c6,51.0,Female,Jamesview,High,2020-04-13
1168,d29b83ca-47c7-416a-8efb-72e8ce777995,68.0,Male,Austinton,High,2022-11-05
1169,454e8612-79c8-4ef6-96d8-c369d6f50825,64.0,Female,East Sandraport,Low,2020-03-21
1170,4fb247da-c995-4a46-884f-ca2a93389c8d,24.0,Male,Lake Kyle,Low,2022-05-17
1171,030c85eb-9872-47e3-83ca-0ac4af613294,66.0,Male,Alexandriamouth,Low,2021-01-31
1172,6919c087-4f09-4b19-a5a3-962999f01640,45.0,Female,Port Tylerview,Low,2023-04-23
1173,79e54264-06e9-4eb7-a79f-ecfcc603efc8,45.0,Male,Lake Sarahfurt,Medium,2024-05-29
1174,9b3834df-9bdb-45fa-a69e-e8ed87f80383,33.0,Female,Larryfurt,Low,2019-09-22
1175,c4564107-c103-4f5e-bda4-314c9d46af7f,48.0,Male,Lake Shaun,High,2019-10-20
1176,8a3b08df-5162-4ee5-b1fa-55bd3bedf3e4,47.0,Female,Michaelville,Medium,2021-07-13
1177,311fda86-bb13-4018-ad0c-7bc594d6148f,30.0,Female,Zacharymouth,Unknown,2023-05-07
1178,4221b3e2-b488-480a-a819-42969646c3fb,23.0,Male,Port Charles,Medium,2022-03-25
1179,9423d089-86b6-4df7-a231-b9a7d06c43a5,42.0,Male,Karenshire,Low,2022-06-20
1180,e624cc84-7f12-4030-8abb-b98de06fede3,61.0,Male,Oliviaburgh,High,2023-09-22
1181,0a9c6bd1-ff15-44cf-99c1-d6006b38d768,45.0,Female,Martinezchester,Medium,2022-02-22
1182,b01fc0f2-d8a1-47c1-a96f-5a9e8b2870a1,68.0,Male,Paulshire,High,2020-10-23
1183,064c6d93-5842-49ee-b934-43a9319e9707,65.0,Male,Herreraburgh,High,2021-08-07
1184,fa7d31de-04f7-4c22-a723-2cdb144c55d7,55.0,Female,East Christopherburgh,Low,2020-07-05
1185,2b5a0696-93c9-4ae1-b314-ba7060bb6d50,36.0,Male,South Josephport,Low,2020-09-21
1186,f0ec8904-93cb-40bc-82cd-96ee6c34da9b,68.0,Female,Natashamouth,Low,2019-11-06
1187,2fa1e05c-4194-449e-b7d8-667e6fe268ea,32.0,Female,Erikaberg,Medium,2019-11-21
1188,33410797-fbbf-4d7e-ad1b-db2544d1b122,42.0,Female,Lisaburgh,High,2022-05-29
1189,8a207b98-b880-4780-9919-d9d99d312eea,64.0,Female,Nicoleport,Medium,2019-11-18
1190,4e0b3ce7-f89f-486b-bbbf-a5f258f661b8,21.0,Female,Myershaven,Unknown,2022-07-17
1191,3b50d972-3484-45ed-9168-99f2767cfffe,61.0,Female,Smithchester,High,2023-07-31
1192,cd945724-5b93-44bc-8921-ad0c41af8ec1,47.0,Male,Elliotthaven,Low,2022-10-28
1193,23c9a49a-62de-4659-8a96-8e0313f04cad,65.0,Female,Martinezshire,Low,2019-09-29
1194,7ec817cc-3080-4355-9022-c58b6d534785,60.0,Female,Kimberlyberg,High,2024-01-05
1195,e2b61ce8-65cb-437f-a370-4feef6395a80,63.0,Male,South Tanner,High,2022-11-12
1196,d9391194-ad6d-4b19-9dbf-930f75acb747,45.0,Male,Singletonton,Medium,2020-02-05
1197,6154b65e-fd07-4aa4-a275-18da9988709c,30.0,Female,Kellyfort,Medium,2021-08-13
1198,e8d8dccc-96b4-4451-ac1b-c4de6d18c3dd,34.0,Female,Martinstad,Medium,2022-01-31
1199,e16941c2-b657-443b-b830-79ded3a2b67b,52.0,Male,Robertsbury,Medium,2021-01-27
1200,75bd1110-ec74-4047-97ac-e0ff36559596,68.0,Male,Port Kyle,Medium,2020-12-07
1201,4f1e9f9e-55ed-4aaa-a273-8a1a05e80391,59.0,Female,Patrickland,High,2020-07-28
1202,700a2326-efbc-4774-b564-0fe6ec9eb34b,57.0,Female,Michaelville,Medium,2020-08-02
1203,a0a6d222-668f-4476-bc29-f2d7b69aa9dd,58.0,Female,Scottburgh,High,2020-05-06
1204,b77c0398-2ff6-41e6-9ebf-410290baadc8,45.0,Male,Ashleystad,Low,2021-03-22
1205,b84c6729-8e89-4806-92d4-55c7e4da50d9,34.0,Male,Wagnerton,High,2024-02-01
1206,02dd6be5-0a8a-4efb-9d7e-45d9ad82b1d8,42.0,Male,Port Aarontown,Unknown,2022-08-12
1207,34c73bdb-588c-4674-8c8c-a6f1fac456b0,61.0,Female,North Carlosmouth,Low,2023-03-21
1208,53408519-26e0-465e-bd85-3da3424c147e,67.0,Female,Port Shannon,Unknown,2019-08-27
1209,a564b20d-5525-4865-8113-20c1800cd39a,54.0,Male,Crystalfurt,Low,2023-08-30
1210,279160e2-602e-4803-9ab3-050004921a93,33.0,Female,New Christinaborough,Low,2020-12-19
1211,616e2347-91b4-4a50-8a15-4c65aff20788,47.0,Female,Allisonberg,High,2023-02-24
1212,d3b37301-dfba-4182-a0be-1da6f2186393,47.0,Female,New Marcusburgh,High,2023-01-12
1213,bf62da41-16fe-4fc3-8202-22bd3ac47c68,57.0,Female,Garrisonstad,Medium,2023-01-05
1214,60b4f94b-9fe0-4851-82ea-64d10af847b8,66.0,Male,Onealberg,Medium,2021-11-03
1215,1fe699a4-99b9-4787-99ec-27d49fe60a14,43.0,Male,Johnshire,Low,2019-09-15
1216,1e149041-13ca-4147-890c-3dee10c249e8,65.0,Female,Littleburgh,Low,2021-06-22
1217,a27c9e64-5b69-40df-b523-2359497a0c00,48.0,Male,Lake Ianland,High,2021-03-18
1218,66987651-e469-4fc4-a5ca-ed23c08959fb,34.0,Male,Martinezshire,Medium,2022-01-29
1219,1ffded5f-b38d-45b7-943d-4100779c3599,68.0,Female,Susanton,High,2021-08-01
1220,b6d2e33f-a312-4e2e-95f8-934f62318a2d,26.0,Male,New Anthony,Medium,2023-11-28
1221,0ebb748b-43c4-4ed2-aae8-1cea699816a8,68.0,Female,Kimberlyland,High,2021-10-23
1222,f694e1b2-aebe-4cf2-a528-d7a1f9e588bf,40.0,Male,Olsenfurt,Medium,2023-08-24
1223,1f8140e6-a96b-45d9-ad79-614bd7fb317d,54.0,Male,Tamaraberg,High,2023-12-02
1224,29bce3fc-ae36-42db-88d0-d9a87542acfa,38.0,Female,West Deborahbury,Unknown,2023-01-15
1225,df64f189-af19-4b72-9997-1fc482ac5d40,37.0,Female,Collinsview,Low,2024-01-08
1226,ec3f29fb-a953-405c-81f5-397eed71a76f,62.0,Female,Port Leah,Unknown,2023-04-18
1227,f75af46f-9dbe-4565-9adb-b8ca9122b671,24.0,Male,West Robert,Low,2022-11-18
1228,b65379c5-ac8c-41b6-a93e-62a46b50d0ac,41.0,Female,Tylerbury,Medium,2021-01-21
1229,92012350-c38f-4911-987b-6c574e4826b7,62.0,Male,West Elizabeth,Medium,2023-04-12
1230,973945a8-ea5a-4106-b169-fcf330e4e6d2,43.0,Female,Lake Yolanda,Medium,2020-04-24
1231,6b6cd86a-d0af-48ab-ada5-e596f726cffa,53.0,Male,Wendyton,Low,2022-03-02
1232,524b6ea2-4194-4af3-bb10-871238f96f77,49.0,Male,South Shannon,Medium,2020-01-22
1233,60e5552c-51f9-4d7a-b90d-5ac4a5e1756c,62.0,Male,Jamesside,Low,2022-02-16
1234,928a0274-1a0b-4109-9b59-0303cb1a6837,62.0,Female,New Laura,Medium,2021-12-20
1235,b72fc0cf-1406-424c-9c71-2b7e22e3f6aa,45.0,Male,Erikville,Low,2022-03-06
1236,ca1e90f6-0e5f-492e-ab92-252ff540da18,62.0,Female,New Nicholestad,High,2024-02-10
1237,fc54824c-9239-4973-8681-fb29caef748e,40.0,Male,Mccallport,Medium,2021-11-24
1238,3814b8e4-cade-4665-86af-dda3e3628f17,32.0,Female,Port Bonnieshire,Medium,2021-06-25
1239,0cb9ffd9-da09-4b10-8e1d-60d84889933b,68.0,Female,West Andrea,High,2023-06-02
1240,2595b6ef-fefb-4725-821d-bf18ef364499,34.0,Male,Rushchester,Medium,2020-10-02
1241,10a9acc4-a2d1-4211-8e61-07fdd9a9a689,52.0,Male,New Richard,High,2022-12-14
1242,c18592c2-7f7e-4f3b-bc5b-2210b007a8f5,41.0,Male,Mariahhaven,Medium,2023-11-12
1243,b7e6da15-7fa4-4b59-a121-b3c6edf7b416,30.0,Male,Port Justin,High,2023-10-27
1244,be10f9ef-a8e8-4ee2-a296-48c31c209b14,58.0,Female,North Reginafort,High,2020-01-19
1245,6df49541-947f-4657-8ec6-6a1a5d6f033d,18.0,Female,Pamelatown,Medium,2020-04-29
1246,fd2ee575-5efb-4aa7-b877-b25e2188ce27,33.0,Female,Jennifertown,Low,2022-12-10
1247,6fc9f0ec-7c57-48d3-a613-e717798ddf39,26.0,Female,South Christineton,High,2024-04-01
1248,f0c55dc8-d7f6-481d-8992-af3ce9453a51,68.0,Male,New George,High,2020-11-25
1249,00e05318-dbc7-4254-b2f1-a0b47af8a2fd,28.0,Male,Frederickbury,High,2020-07-17
1250,16d0b561-279d-4da9-9aa8-8c5906dff79a,57.0,Male,West William,High,2022-12-10
1251,5c6dbfdf-c75f-4682-ac9b-924a459429a8,45.0,Male,Patelton,Low,2024-05-27
1252,df6e97e4-a79a-4429-a4f7-300a2e95ec73,48.0,Male,Port Jennifer,High,2022-07-14
1253,4d348827-d2bd-4303-99aa-97a2ce15563f,68.0,Female,Carrberg,High,2020-09-16
1254,165308ea-2fc5-43e5-80ae-d135c2aefe70,52.0,Female,Jamesfurt,Medium,2023-10-21
1255,ec48d5a4-fb1d-4168-9fff-01a1780d555e,23.0,Female,Anthonyborough,Medium,2021-01-28
1256,a182297b-e38a-43a7-bc51-572645ba843b,66.0,Male,East Melissa,High,2020-07-04
1257,1c9ad74b-39e5-4a66-912b-1ec5bd75d9e0,30.0,Male,Amyview,High,2023-05-09
1258,4f826eca-8187-4f86-bb0b-37338c896d50,31.0,Female,Claytonburgh,Low,2020-08-22
1259,b27c34a1-416e-4fd0-b5a2-b62dde9ee452,34.0,Male,Dakotaport,Medium,2020-03-09
1260,46244fc9-7e26-4c15-bf13-c8f8064b2601,40.0,Male,South Tricia,Unknown,2019-08-26
1261,2eb6a3f0-488a-44d3-a260-86da1b289ce0,49.0,Male,Bryantburgh,High,2022-02-12
1262,eb39e61a-358e-4e5a-9370-1d612cdededd,68.0,Male,Williamsmouth,Low,2022-09-21
1263,f3387277-5484-4efc-8654-296b842463b9,33.0,Female,Tiffanymouth,High,2024-01-31
1264,96a58a16-97e1-4ea9-99c0-4fca0b9a6341,45.0,Male,Phillipsfurt,Medium,2021-07-24
1265,0131ff99-d96e-4ce1-9791-c92f3e39fe83,30.0,Male,Donaldberg,Medium,2020-01-24
1266,2f736c67-3ae7-404c-9ea3-bda4b6662844,45.0,Female,Ariasport,Medium,2022-09-02
1267,92688eb8-d6ea-4850-90c7-e08cd7e9eb09,24.0,Male,North Jeffreymouth,Medium,2024-05-10
1268,c448b2f5-80a5-4fde-8144-8bea32bc3618,40.0,Male,Millermouth,Medium,2021-10-30
1269,8496167f-5a05-4be9-bb1a-eaedcc0d9dc3,56.0,Male,East Lauren,Medium,2022-12-29
1270,d407a32a-9402-4cb6-9cb3-8200a608566f,54.0,Male,South Timothy,Low,2019-10-07
1271,3a60c8b8-d136-477a-94e5-f25227cc565f,44.0,Male,Bonillaport,Low,2020-01-28
1272,ca9a0a22-c7e0-483b-9285-75d43bd2f8a0,57.0,Male,North Kelly,High,2024-06-04
1273,63e0ea43-1c66-4d4d-9e5a-7eab3f40c858,68.0,Female,Bennettshire,Low,2021-11-18
1274,cb3d62ff-4018-4d7e-886d-cf58d77e0ea1,48.0,Male,South Jacob,Medium,2023-01-08
1275,7ed42894-97c1-4a15-a85d-e1d40db3dd05,35.0,Male,Danielmouth,High,2020-01-30
1276,12e07fbe-0ac4-4552-b083-255196ba0854,40.0,Female,Markville,High,2023-02-09
1277,b0fe2096-efb2-4aeb-b4b0-e8db92bdf4af,68.0,Female,Brownberg,Low,2023-04-29
1278,cf45e97a-aba1-449e-98b0-9611ec70e68a,21.0,Male,East Christophermouth,Low,2022-03-18
1279,12662ab0-15a4-4d99-a768-89320307d8fe,55.0,Male,South Kristinstad,High,2020-12-06
1280,2a36ba73-e710-4a2f-8d90-2cbe1831e30f,25.0,Female,Tinaville,Low,2020-05-12
1281,da4a5384-df66-4e75-8202-8241b4090e1b,53.0,Male,Mariashire,Low,2024-03-10
1282,5f235814-26b6-4095-98ed-578a46d31c65,45.0,Female,Port Brittanyhaven,Low,2019-11-02
1283,778da54b-8f96-4609-a21b-bba3d7f071ea,25.0,Male,Clarkmouth,Low,2022-03-09
1284,996dc968-4b6e-4dd5-ab98-e69a88eaca15,31.0,Male,Andrewchester,Low,2020-01-05
1285,86afcf3f-ef6e-462b-84fb-589fddee7d49,59.0,Female,North Darius,Medium,2024-04-10
1286,29446541-1b01-4302-8c3b-a80763a00580,18.0,Female,Ryanburgh,Medium,2024-04-16
1287,9fdb68bc-77c1-4651-9cc7-1346395a265a,45.0,Female,North Tina,High,2021-01-10
1288,9b8c33cc-4121-4fad-82ee-fb5fa49b1b74,27.0,Male,South Bradley,Low,2023-02-20
1289,5310e98b-e14c-4df9-be6e-502b68630a5b,51.0,Female,Mitchellberg,Medium,2021-01-22
1290,46471751-46b7-42f9-afbf-a02412e647ee,20.0,Male,East Charlesburgh,Medium,2022-04-23
1291,2e04f5ca-4a8a-4971-b73e-a1699b9777be,21.0,Female,Angelamouth,Low,2022-11-21
1292,527e3928-a848-4f61-a9d9-8c3cf8ce62c4,45.0,Male,East Anthonyport,Medium,2023-08-24
1293,16120901-738d-417e-a271-6aaf0d6caa83,48.0,Female,Port Jaimestad,Low,2024-05-03
1294,d8e2c905-3d1b-4c83-8ac2-02d8452291bc,60.0,Female,North Davidmouth,Low,2023-11-04
1295,818e18a9-18f0-4ffc-9cbf-8c447e4bee69,34.0,Male,Mirandahaven,Medium,2021-11-11
1296,b0ce5c86-420b-4bc6-be06-02814c3feb2f,62.0,Female,Hunterhaven,Low,2023-07-25
1297,8259be60-437d-486d-9b10-b834e22ba7cc,45.0,Male,Adamsville,High,2022-03-29
1298,bf193531-a716-4c50-9ebd-c071a6658766,43.0,Female,North Tracytown,High,2024-05-12
1299,6bdf083a-ab78-4720-8cdd-1adf010ef2ed,49.0,Female,Morganport,High,2019-07-09
1300,03f87e96-5555-4698-8c2b-5e8f59c1cd76,62.0,Male,Sophiaberg,Unknown,2021-06-01
1301,da98411d-10af-4b6d-ae13-d98e83a98305,42.0,Male,South Meghan,Medium,2023-10-09
1302,74e1d393-6652-499c-ac7a-0d25d6c6f845,49.0,Female,Christopherhaven,High,2021-12-06
1303,209e0eab-c6a2-42b4-96a7-d13b8191ff41,45.0,Male,South Kaylaville,Low,2022-05-23
1304,b3b912ee-bc75-4ba3-aa9c-4be51830ed21,37.0,Female,Donaldstad,Medium,2020-02-09
1305,399b2052-77c7-499f-950b-80f20d4ad109,45.0,Male,New Jacobview,Unknown,2021-07-16
1306,017e6772-6e98-4262-9036-3d9b252f915d,45.0,Female,Danielport,Low,2024-06-08
1307,56f6bd5d-9a60-4904-a392-dfa4c745c23c,21.0,Female,East Janestad,Low,2019-07-27
1308,c13169ba-5d3e-4cb8-9ffd-dfd1ade233a8,68.0,Male,Sheilaborough,High,2022-09-03
1309,7874d078-3021-4170-bc0d-08bff84130ad,22.0,Male,Abbottside,High,2020-05-09
1310,f3944eae-0876-467a-94ce-5c3b9813b454,18.0,Female,Port Amy,Low,2019-12-24
1311,77c3b49d-52a7-4559-b53f-0b8e01476e12,34.0,Female,East Makaylabury,Low,2024-02-26
1312,13c2cba9-a93e-4167-86c4-8326e3cff8be,37.0,Male,Baileyborough,Low,2020-02-23
1313,f53ca52e-ad0e-49c5-84c4-25c8be29ceff,59.0,Male,Jenniferstad,Low,2020-04-08
1314,efdfdfc9-5dbb-4478-911a-101a390a0285,50.0,Male,Deniseborough,Medium,2023-02-02
1315,10b5f508-60ed-4894-9d2d-f0150493849f,68.0,Male,Mcguireville,Low,2023-05-13
1316,97bce874-b534-43c8-a49f-563dabc968bf,65.0,Female,Hallton,High,2021-11-25
1317,a9a3312f-93fd-444d-8480-f3f9568f00c8,64.0,Male,Michaelville,High,2023-05-31
1318,0b5275cc-0b6c-4451-ac40-469e74c35f00,33.0,Female,Port Aliceton,High,2024-05-09
1319,662e1733-738d-41ef-8538-645f35333eb3,54.0,Female,Curtisbury,Low,2021-01-23
1320,020b3cac-9f2f-4d73-b078-c94099d75240,18.0,Male,Toddtown,Low,2019-12-22
1321,36d99323-1a8b-45ed-bd7d-30b948e29684,68.0,Male,Russellborough,Medium,2020-03-29
1322,3a5e0a7f-d144-44cb-ae6c-2799cbf8fa94,49.0,Female,Port Carmenberg,Medium,2022-07-08
1323,f54846a5-1d80-4498-a956-32ed51018f4c,65.0,Male,East Linda,Low,2023-08-11
1324,ca6727ab-9c8c-4fb7-8b7a-d6f0adf8dfa1,25.0,Male,South Brandyshire,Unknown,2023-06-24
1325,00e3c219-db57-4ed2-bc50-99a18fea33a7,52.0,Female,Clementsberg,Low,2023-08-26
1326,8fb381a7-f59a-4da7-be95-d61ca40cf83d,49.0,Male,New Tiffany,Low,2022-02-14
1327,0aae9d50-b1a1-40d7-9371-551c4691bc13,45.0,Male,North Louis,Unknown,2021-11-15
1328,78fec206-bd61-4111-8a5b-6c450b8e4268,26.0,Female,Christiantown,Medium,2020-08-18
1329,6fa9f01c-09f8-44fd-8e18-51ca4f3921bf,67.0,Male,West Justin,Medium,2022-05-11
1330,8a365464-16f7-4f07-9695-523ed5e54461,68.0,Male,Robertton,Medium,2020-03-18
1331,01b59002-9e5d-4e67-bce9-c50430acef3a,26.0,Female,Georgeburgh,Low,2023-06-30
1332,322d552c-3a57-48dc-bfff-7804e35ab734,61.0,Male,West Harold,Low,2020-10-10
1333,e5f95782-43ff-40d9-89d2-d7f9bffbe205,32.0,Male,Lake Crystal,Low,2022-09-15
1334,fc23b4c1-328e-493f-90d6-1fa6619a6dd9,43.0,Male,Kanechester,High,2022-07-24
1335,0fb44d2e-abc4-4ada-8b93-d376da47e3b0,45.0,Male,Jonland,Medium,2019-08-18
1336,88eec86b-65ca-49d4-9f92-55ee41cf25ca,39.0,Male,Christophertown,Medium,2022-12-02
1337,904ac3b7-e3b8-4462-9357-17721fd3315f,56.0,Female,Conwaymouth,Medium,2022-07-31
1338,0a21cfa0-fa4d-45f6-8236-4995799bc0cc,38.0,Female,Donnaport,Medium,2023-10-25
1339,40ff4d4b-1217-4d59-80cf-c63de25c06d4,27.0,Male,North Kevinhaven,High,2022-05-27
1340,0d6a0c4a-8e36-498c-9695-0e4fcbc19ad5,19.0,Female,Lake Kristina,High,2019-11-17
1341,b22eb6bb-1742-4cc3-ab63-3b56ad1f8121,27.0,Female,Grantfort,Unknown,2021-11-02
1342,861294ac-c6ac-4860-8fdd-f8e9b1a893a5,23.0,Female,North Tammy,Medium,2023-12-21
1343,3fc8273c-1793-422e-b1b7-4f1217622e5c,68.0,Female,Nicholsside,Low,2020-11-04
1344,5d70c85d-45b7-4f0d-bdb2-7945e2350942,36.0,Male,Sethport,High,2024-01-01
1345,4136afc5-911d-4ca9-a07b-432b9ea2b30a,45.0,Male,Cardenasmouth,High,2020-04-10
1346,a8f82019-5586-46dc-87b2-3660e80ecd7d,45.0,Male,South Andrew,Low,2022-11-15
1347,a89a9ca8-afae-4f78-9dfe-514d9d8e5735,23.0,Female,South Nicole,Medium,2022-08-20
1348,80afb9fd-6751-40b6-b4ff-f3c08e12d4c9,34.0,Female,Molinaside,Medium,2021-03-29
1349,667b0a6e-53b8-476d-be5b-215bfe49f60b,43.0,Male,South Justinton,Low,2023-06-17
1350,c16f42a8-3339-49f4-9aea-c1dda8b0701e,68.0,Male,New Ryan,Medium,2021-08-04
1351,7721656c-56b7-4cbb-bfca-fd38a3b98ad6,37.0,Female,South Benjaminchester,Low,2020-11-06
1352,b3091754-e6f1-4352-adb9-1f4651c04d2b,38.0,Male,Smithside,Unknown,2019-11-11
1353,2c6e2999-a381-4ad9-9731-e53a746da9f8,67.0,Male,Port Matthewbury,High,2022-03-16
1354,9d70cc2a-2179-4955-9ab5-f6a8e99b377a,47.0,Male,South Brenda,Low,2019-10-21
1355,76c1d696-0f1c-44b5-b749-8859545658eb,45.0,Female,South Frankside,High,2020-05-14
1356,ecca2cc8-1a5e-4fa5-b414-f9d6583e106d,40.0,Female,Johnsonshire,Medium,2022-01-05
1357,42da3b26-e9c9-4676-938d-4486bfc38ab6,19.0,Male,Wilsonside,High,2022-03-26
1358,f8e05878-b789-4982-8680-2122ce530848,68.0,Female,Johnsonberg,Low,2021-04-06
1359,f41fdf51-bf58-4cb8-893d-0ca400e640e5,56.0,Female,Rodriguezfurt,Low,2021-01-24
1360,1aae80b1-13e4-41df-b430-4a94d5416bd4,55.0,Female,East Jacob,High,2020-04-15
1361,c9158142-8cc1-452d-9c32-5760943ded3d,46.0,Female,Racheltown,High,2019-07-12
1362,6ad843a9-9ca3-4835-a20c-6e81665594e6,62.0,Female,Coxhaven,Medium,2024-02-16
1363,d4d508a7-1fe5-4321-b314-bda3ddb3cdda,32.0,Female,Turnerland,Low,2019-12-10
1364,c3f015a0-2ec9-4ebf-9edc-3b1190bf9fc7,60.0,Male,Port Jessica,Medium,2019-09-19
1365,37709633-2fac-4ab7-b420-8420cbdd4bdb,42.0,Female,Sanchezfort,Medium,2023-03-07
1366,de6daef1-ac70-4533-869e-ccdb5e7a25bd,18.0,Male,New Allenmouth,High,2022-08-28
1367,8f440758-f8ac-44ee-9f83-51d9bde6d101,45.0,Male,North Erinchester,High,2021-04-27
1368,940e1d2b-75a3-4eb3-bcfb-94f899c04a35,61.0,Female,Kellerburgh,Low,2022-01-21
1369,a7937edb-0b78-4642-afd6-50e3b4cf66b3,46.0,Female,Joneston,Low,2023-12-31
1370,555a5627-321f-4dd5-98ec-eb29cc790d12,45.0,Male,West Meredithville,High,2023-08-14
1371,cccb312c-4304-4bd8-a66f-6a39a1129846,67.0,Female,Port Kevin,Medium,2020-11-12
1372,15b35d8e-1e31-4902-b912-94387a175204,30.0,Female,New Jason,Low,2022-08-15
1373,e8621a96-7c59-4079-88b1-b6ebd790f1b6,62.0,Male,Christinatown,Unknown,2022-03-03
1374,b6d5b373-c307-44f4-a89c-ac7a56c9b103,68.0,Female,West Clintonland,Unknown,2021-11-04
1375,9423d7e7-2239-478f-9a2a-5ce386882aa2,63.0,Male,Lake Justinstad,High,2020-07-28
1376,f3607f0a-e99d-435a-8f43-6060f5f03735,62.0,Female,Lake Jamesmouth,Medium,2021-03-24
1377,3341628f-8548-4ae7-9000-ec20c5973e5a,45.0,Female,Stacybury,Medium,2022-08-08
1378,dc72a8be-9df4-4223-83ee-50131b249bd3,46.0,Male,West Sherri,High,2023-02-24
1379,c6789ac7-81c7-469a-a613-fe1fe1487953,25.0,Female,South Samanthaburgh,Medium,2022-09-24
1380,35434af3-775f-4360-82fb-972481aefd54,28.0,Female,Davidland,Low,2020-07-31
1381,d0b313e1-147e-424c-a3a2-586f6384c516,53.0,Female,West Jefferyborough,Low,2020-07-21
1382,91b64546-d5de-4665-834c-4dd0de6f8026,22.0,Male,Courtneychester,High,2023-04-07
1383,bb07fa4a-8680-4b77-b1ad-5d2f67570252,52.0,Male,Port Davidtown,High,2019-06-08
1384,d2b307f5-9903-47d3-815f-79ab5283a49c,63.0,Female,Jeffmouth,High,2021-11-09
1385,00115fc0-f155-42cd-ba68-58aab67b3360,36.0,Male,Nelsonstad,Low,2022-02-16
1386,0f0df24b-7464-4f5c-a7fc-ebfd112b4b5b,19.0,Male,Georgeside,Low,2020-10-30
1387,4bd03101-920b-4a3a-a83a-f6f4bb8f468e,67.0,Female,West Debraport,Low,2024-02-07
1388,f4b519c5-250e-4834-a0c0-c10b1e3eecda,28.0,Female,Walkerberg,High,2021-12-09
1389,695733df-dac7-4995-b5b0-4ea7aa00d6f8,52.0,Male,South Dianafort,High,2020-05-28
1390,bd1da171-46de-4ce9-bf3a-34ed34c4d25f,44.0,Female,Jeremyville,High,2024-05-24
1391,ff481c1e-2398-41e4-a0ab-621985a4a44b,51.0,Male,South Michael,Medium,2019-08-09
1392,633da32c-9390-4216-bb7d-a7e8b2274777,28.0,Female,Lake Megantown,Low,2019-07-08
1393,b33cc50a-b96d-4bae-b056-82446c576152,38.0,Female,Nelsonside,High,2021-09-20
1394,827c8fb0-1d40-43c5-9333-0ea9d52d25a1,27.0,Female,Lake Charlesshire,Low,2023-05-05
1395,1fc78651-b7b5-4637-b42f-bc2725e27946,23.0,Male,Port Michael,Low,2019-10-22
1396,f95546c1-e96f-486a-ab84-ebb048198b4e,56.0,Female,Lake Alecview,Medium,2022-12-01
1397,961ea5d2-d165-46be-9e55-798607bc8177,52.0,Female,Maryfurt,Medium,2023-10-29
1398,023ed57c-89ac-41ca-bf74-87bc4a8dd42e,29.0,Male,South Francisfort,Unknown,2021-12-30
1399,a7c29c33-e968-4d84-82cd-1269ed1e7c1e,52.0,Female,Virginiaview,Medium,2023-03-16
1400,edd44c40-873f-4fbd-9ceb-8e9c59254485,68.0,Male,Lake Terri,High,2024-01-14
1401,2ad0193d-7aa5-4bb6-9da7-05e401230a74,58.0,Female,Williamborough,Medium,2023-01-13
1402,e8b4797e-90c9-4e6c-a859-c57df6254514,25.0,Female,Aguilarstad,Low,2023-06-04
1403,02b325b3-f763-47f0-8454-d8cb65fa1832,58.0,Female,Port Christinahaven,Medium,2021-10-03
1404,5c835bc5-5e5b-48ed-8c68-bc302f06b216,23.0,Male,South Victorburgh,High,2020-03-24
1405,f787262e-1a58-4b99-a1b4-375453a53412,54.0,Female,Parkerport,Medium,2021-02-06
1406,a3ceaaae-d389-4f71-801f-182316d6b788,66.0,Female,Schultztown,Medium,2022-06-04
1407,ad21da52-d3d5-462d-bf3b-841e989ba1be,26.0,Female,Williamburgh,Medium,2020-03-19
1408,e4316b43-c66b-44e1-8f0e-a0bb4ff9ed26,21.0,Male,Perezmouth,High,2022-06-11
1409,26731b9b-4666-4a73-9d31-723dc46be09f,55.0,Female,Schneiderview,High,2021-07-28
1410,6c9ac6d4-1b80-4f5d-a26c-6ba8e19bd59f,38.0,Male,South Wendy,Unknown,2022-12-10
1411,62a9bff7-0a8c-4647-9923-941d7f189c25,34.0,Male,New Brandonville,Unknown,2022-07-05
1412,a60e0cb6-7b43-44f2-956a-16caae372e9f,68.0,Male,Port Joseph,Low,2021-08-18
1413,9c4eeca5-47b9-422b-88e9-2cc77cf58a20,66.0,Female,West Jay,High,2021-03-29
1414,4c891c44-2756-4119-bf66-00a767316458,35.0,Male,West Jeff,Medium,2019-09-11
1415,11b046f0-b091-4bfb-b0f4-df58bfea039a,34.0,Female,East Antonio,Unknown,2021-12-29
1416,e428f752-7388-44dd-8461-13f18101a835,67.0,Female,Wrightside,Medium,2020-04-09
1417,b89af461-8e4a-44e6-b33d-9ed1746a0d23,20.0,Female,Zacharyview,Unknown,2021-09-27
1418,9ff4729f-7386-448c-8205-ce0995a50c9b,66.0,Female,West Tonyaport,Medium,2021-09-14
1419,34878e84-afed-4cb1-a969-08a070c6be85,20.0,Male,Kingbury,High,2022-09-15
1420,081df560-dc5f-45d3-87ac-9992b5050133,68.0,Male,Langchester,High,2022-12-02
1421,00d4fbfe-5ce0-4d87-a307-b15801d1373e,18.0,Female,Port Howard,High,2022-10-31
1422,28d8cbac-23a2-4953-aa60-f1fec74581b6,68.0,Female,South Jared,Low,2023-01-20
1423,46402a3a-4a33-4677-9540-3043a4fffe14,21.0,Female,Williamshaven,Medium,2019-09-22
1424,2ddc8052-fbbe-471c-a43e-54b81467423d,27.0,Female,Pattersonmouth,High,2019-09-16
1425,bf67d7a6-f689-4aa7-932c-44ed4a0106da,31.0,Male,Ryanmouth,High,2024-01-22
1426,9223891b-73ff-4d5c-b8ae-13ece82ee28b,46.0,Female,Sherriburgh,Low,2022-04-22
1427,06d90ad7-f0cd-411b-8dc6-2b3132fe42d8,54.0,Male,Hardymouth,Medium,2020-05-03
1428,10bf4b6a-7435-4251-9b86-01d9c4b75a3c,45.0,Female,North Bryanborough,High,2022-10-30
1429,4de89717-0180-4856-9895-30818a271462,47.0,Female,East Michaelberg,High,2023-08-19
1430,48ba61eb-1ce0-43ae-88ec-82a11872e1f3,21.0,Female,North Leah,Medium,2019-08-14
1431,7f237eb5-f4a7-403f-a3cc-72748ee810c6,59.0,Female,South Danielburgh,Low,2024-01-04
1432,2d9ee92e-f200-426c-bea4-ced009f598ec,28.0,Female,Christopherview,Medium,2024-03-21
1433,3c7fde22-eebd-4669-860a-e4b5574e4158,51.0,Male,Burnsmouth,Medium,2019-08-18
1434,cd406f95-85b9-4aa4-b550-71136df2534b,55.0,Male,Lake Matthewside,Low,2019-07-13
1435,efa73de0-f044-49ae-8118-c5607b420e4c,66.0,Male,Danielside,High,2021-01-19
1436,0829ffb0-ff21-4427-8d2f-ac951aadb25d,39.0,Male,New Jenniferfort,Medium,2019-08-27
1437,ef43348f-ca24-4768-9ff8-49d61372c266,25.0,Male,Barnesmouth,Low,2019-10-08
1438,c955772a-d585-4042-9a3c-1409ac7f5a49,25.0,Male,Fernandezberg,Unknown,2019-12-12
1439,9556b64c-756a-4825-8c23-26a54a672a01,64.0,Female,Johnview,High,2023-12-25
1440,faa2a70d-a748-4349-98fc-faef6ac1ed83,35.0,Male,West Derrick,Low,2023-10-26
1441,153e984c-d96b-4749-b0b5-ca0f7490a048,65.0,Female,Lake Christianmouth,High,2020-02-20
1442,13055ed6-bead-43e7-ac2a-faba56cfc647,31.0,Female,Alexanderberg,Low,2020-11-03
1443,2f06ee05-aa32-4c21-a686-fe74584a6beb,46.0,Male,East Martinborough,Low,2021-10-31
1444,b4d77e81-1ad8-435d-ad3f-e60c25593417,33.0,Female,Mannburgh,High,2023-10-25
1445,0cbeab3c-6f56-405a-a3e8-0bd857c6425b,36.0,Male,East Lorihaven,Low,2020-08-22
1446,fb54e89f-87cc-4b19-9c19-9488273a3a69,31.0,Male,Lake Stephaniemouth,High,2023-11-01
1447,6534afd4-bd7d-4e8c-a2e2-2986fc764bed,45.0,Male,Jimenezberg,Unknown,2022-03-08
1448,6f10859f-bc90-47f3-97d8-ca8d1db06bb3,59.0,Female,Port Melissastad,High,2022-02-24
1449,a8ccf847-c308-496a-b1de-ac4200011cee,46.0,Female,Anthonyport,Low,2023-08-08
1450,614379ce-8b7d-4c8d-8f71-8e8bf62066a4,45.0,Male,East Keithburgh,Medium,2020-12-26
1451,67d84891-1749-4618-889d-3f1bd6968ab5,45.0,Male,North Christinebury,Low,2023-12-12
1452,ae78f9bc-e082-49d3-8da4-d158f1313ea9,32.0,Male,Port Sarahmouth,Medium,2022-03-20
1453,d1c17e57-cbb9-4dc8-b638-ba2f1b1a8cef,24.0,Male,Charlesville,High,2021-03-29
1454,fe5c7c84-2e6a-4e3d-bf6b-d2b783d13dc1,53.0,Female,North Davidville,High,2023-06-18
1455,6685f2fb-41e7-48e5-80d0-8da360b791f1,43.0,Male,South Ryanland,Medium,2021-02-04
1456,29b0d097-a024-4afe-9b54-cce47df42f6c,65.0,Female,Port Thomas,Low,2024-06-10
1457,ec58ff99-ede4-4b51-8b0c-efdbb61275a7,34.0,Female,Port Kaylaland,Medium,2024-01-28
1458,87c6dfbe-82fa-4ca2-a49b-717454462841,45.0,Female,Sarahburgh,Low,2024-06-20
1459,93c1396a-90d5-4069-8e2d-255bf651d17f,50.0,Male,West Kaylaton,Medium,2024-01-18
1460,a64fcda9-e8fa-4568-b514-58b2664a906d,38.0,Male,Desireestad,Medium,2019-10-29
1461,b94a126b-755e-4ee1-91f6-c5f86ceef780,67.0,Female,Jillmouth,Medium,2020-05-02
1462,bbf2e93e-1fb9-46f7-8437-61e0bf5051a6,68.0,Male,Patriciaborough,High,2022-02-07
1463,b94b44eb-30b8-474a-9821-721c096619dd,29.0,Female,Schultzmouth,Unknown,2024-01-20
1464,37fe7939-62de-48d6-bd1a-80ec3bb670aa,26.0,Female,North Tammiestad,Medium,2023-09-26
1465,00c60c9c-6cb7-4259-84c2-7bbe5da2bf87,20.0,Male,East Sandra,Low,2023-02-16
1466,1b6db98a-776e-4370-9d8c-f77a5ccc26c6,64.0,Female,Carterview,High,2021-03-30
1467,80567290-5f57-4298-b5d8-ad7a8d53fb47,37.0,Female,Carrollstad,High,2020-10-25
1468,799943c7-3b71-4f24-9b16-c2fcaf9b3871,60.0,Male,Port Deborahside,Unknown,2021-12-27
1469,010c57b4-d6aa-44ef-9e92-d00ce9bbc28b,66.0,Female,Lake Mackenzie,Low,2023-03-19
1470,54b4e6a4-5bcb-4792-9791-2a2aa5e110ab,57.0,Female,Port James,High,2021-10-14
1471,e5078547-476d-4a26-b1c6-f863ed8da232,45.0,Male,Markland,Low,2020-08-12
1472,ba0181c9-c5af-44b3-94af-81bf63fac5df,39.0,Male,Carsonfurt,Unknown,2022-04-21
1473,70007468-df22-45f3-a51a-ada0a1357f88,44.0,Female,South Brittany,Medium,2023-03-02
1474,b8d1c3f9-ee30-4b0e-9f94-db54abe92aea,49.0,Male,Yangville,Low,2024-02-29
1475,b7a81804-7f5d-41e9-87e4-1b5be4024c09,19.0,Male,Berrychester,Medium,2021-06-25
1476,50e95716-c5de-400c-b5cc-2b6566b7c931,27.0,Male,New Timothy,Low,2022-11-14
1477,ec5770ea-d47e-4872-8e74-3c77c1fe8b3c,38.0,Male,West Lisabury,Medium,2021-07-14
1478,b779c476-9543-44ef-b23e-72fd407bb706,36.0,Female,West Emily,High,2022-01-16
1479,5bc17b3d-a703-4861-b0d1-0d3a61e21e0b,49.0,Female,Brownburgh,Low,2020-06-15
1480,cc0f4949-6e28-4370-9842-d3a1699ba9ab,29.0,Female,Kimberlyport,Medium,2021-11-08
1481,a87a1b5b-ab0d-48b6-b671-fce5c284fe45,65.0,Female,Brandiberg,Low,2019-12-20
1482,8cb6b5ff-47d1-4d27-94e4-6a1c91ef3188,54.0,Female,Brownview,Medium,2020-12-04
1483,35c96390-d425-4eee-83ff-478acb36f7ea,61.0,Male,North Ralph,Low,2021-02-04
1484,99a03d48-c59f-4d13-90c0-db35331daf2e,50.0,Female,East Jonathan,Low,2022-08-13
1485,325613bb-4024-4737-902e-cd9faf933cfa,20.0,Male,Port Anna,High,2023-08-16
1486,879f0689-8c4b-444b-b592-a9c677a3d441,55.0,Male,North Brandonton,Unknown,2021-12-22
1487,a808f346-7e8e-48d8-8d4f-e274f2ef4cbe,62.0,Male,Claytonburgh,Low,2021-05-04
1488,e8de1a9b-bad9-4f91-b33c-0abd185856e5,45.0,Male,Port Lindsayhaven,Low,2023-07-09
1489,8a7e010b-b3d2-418a-bc81-bd16f3432366,42.0,Male,Lake Zachary,Low,2019-11-06
1490,a179e2b9-047b-40ce-b9f8-b13f2a8f969d,56.0,Male,Lake Edward,Medium,2023-09-02
1491,cd96202c-3c7f-4132-9e13-949b62ca0df5,60.0,Male,Port Roger,Low,2019-11-27
1492,6233eaa6-2b6e-4dfa-9e68-0bf69d01fbe3,51.0,Female,Paulview,Low,2022-03-04
1493,697d1b30-060a-43e3-98c6-2a9857faaf7a,48.0,Female,Stephensberg,High,2022-03-07
1494,3794861b-66fe-4d3d-a796-fdbfb9eadd97,45.0,Female,North Annabury,Medium,2022-12-27
1495,8a23320b-45bd-47aa-b929-3287e63d2cc7,35.0,Male,Fosterton,Medium,2024-06-05
1496,823ace47-e265-4808-b0c3-f40fb41bf5de,45.0,Male,Lisashire,Low,2023-08-04
1497,e6905fa6-1d8c-4a97-bf98-587d6ab42f3a,62.0,Female,West Bryan,High,2021-09-16
1498,0a5270eb-ff97-4072-a9f0-2203be2469a4,44.0,Female,East Zachary,High,2023-12-10
1499,1f31b312-f00d-46ba-a83b-586ebeabc72c,19.0,Female,New Elizabethfort,High,2021-01-12
1500,404f9aca-5c0b-484f-a4ec-65ef1b401718,48.0,Female,Farleyville,Low,2024-01-17
1501,93345558-abde-4687-870d-49dfe412d9d4,53.0,Female,North Tammyburgh,Medium,2023-11-04
1502,7e280186-770e-4c4a-b330-73dd471f956a,18.0,Female,Parrishburgh,High,2022-02-20
1503,3641a6cf-cc5f-4ad3-85f7-9d1ea1ad4935,41.0,Male,Campbellberg,Low,2024-01-06
1504,d282f8f3-1fb4-481f-b99f-13852d42f8d1,45.0,Female,Donnabury,High,2021-03-05
1505,b990c65a-3491-4687-bf14-4613e85e5b4a,68.0,Male,Martinburgh,High,2022-05-16
1506,6cd89d06-a718-4b42-bbd8-91439442bf56,55.0,Female,Amandashire,Medium,2023-11-10
1507,68a7281d-57f8-4132-b87e-140f8954d6e7,45.0,Male,Jamesberg,High,2019-08-16
1508,b2d839ab-012b-4966-90dd-de4311498b7a,39.0,Male,Lake Samuelchester,Medium,2022-07-04
1509,35cf919d-33b7-4f0e-98f1-47da30e6e6ba,27.0,Male,New Sandra,Unknown,2019-10-12
1510,ea8aa9a1-7a06-4c9d-be6d-e8f856d49e1f,57.0,Female,North Jenniferhaven,High,2021-05-09
1511,05609335-a647-4691-80a8-82b43518b767,52.0,Male,Jonesside,Low,2023-10-07
1512,ac6b4d61-3d14-4362-b226-8c0c5786d6df,23.0,Male,South Cheryl,Medium,2021-09-23
1513,8b1b4742-dff4-4987-87c3-24057d04a94b,45.0,Male,Juliemouth,High,2021-03-02
1514,4e903b9a-eaaf-484d-a018-da1ea6ab113a,27.0,Female,Phillipschester,Medium,2023-08-18
1515,3145bbb1-e83c-40eb-9ca0-2e4acbf82050,31.0,Male,South Sandra,Low,2021-09-26
1516,c4b58502-1e72-4d8b-8ec1-71b66b86b6b4,45.0,Male,Hayestown,Low,2024-06-22
1517,9d25a4c2-9323-4df8-ab97-dbfdc89c7ee6,65.0,Female,North Wendyton,Medium,2020-09-04
1518,9a4e883a-10f6-4402-8da0-a210d7a8f7ee,21.0,Female,Donland,Low,2020-07-06
1519,f6a383d8-8771-491e-8a4f-85e678d46feb,40.0,Male,South Juanhaven,High,2023-02-08
1520,354b8683-d121-4c16-8cd5-db97afab9d64,23.0,Male,New Christianborough,High,2022-08-28
1521,284f932d-040d-41f2-8915-578af3bf7a98,45.0,Male,Shepherdport,Unknown,2024-05-02
1522,458143a9-949a-4dbe-8a73-60764aadb6d2,54.0,Male,Joshuaton,High,2022-01-04
1523,7a2714b1-ae78-4382-a38c-1723fb5eacdb,61.0,Female,East Cindy,High,2024-05-21
1524,b9c92d6c-fb4c-4d0b-8c72-7b7c1ae9f79c,19.0,Male,Lake Adam,Medium,2021-01-10
1525,978c4300-e302-4677-b7f0-7b4a8e2a87b8,45.0,Female,East Jenniferborough,Low,2024-05-21
1526,7f807eb2-812d-4a44-a841-e77c369ad807,45.0,Male,Taylorside,High,2023-10-15
1527,aaabc0b2-d98b-442d-8d47-83fd1b4ef84c,56.0,Female,Joseshire,Unknown,2024-06-19
1528,164eae1b-623c-4078-9a06-d3bbb37f55ba,59.0,Female,Port Antonio,High,2020-02-13
1529,7aca4226-c7c9-4f7c-af5f-ad3120be5f18,53.0,Male,Port Michael,Low,2023-09-20
1530,f538ad97-1ba6-452b-8d8b-1b4a65f626bc,47.0,Female,Port Anna,High,2022-10-29
1531,787f8b3b-f311-41be-822e-9fc9e203d945,44.0,Female,Aguilartown,Medium,2019-08-05
1532,e5a303ab-3074-4c9a-b49c-8ac71ae1c9c2,61.0,Female,Port Christybury,High,2021-05-13
1533,179561e2-7591-49ee-aa55-8b745c61b857,31.0,Female,Schwartzmouth,High,2021-04-19
1534,16d7e26d-592b-4fad-8c66-c412bb2b2954,23.0,Male,New Jill,High,2021-02-07
1535,d4d23018-9ee4-4ab4-b9e7-f13ae2e3e1c7,36.0,Male,Mendozachester,Medium,2020-01-04
1536,08995799-8d0f-40d6-986b-452074709b5f,61.0,Male,New Lukeville,Medium,2019-11-15
1537,3fa982d9-11f7-4c91-93e3-036b0f6adfe8,45.0,Male,New Jason,High,2021-07-05
1538,00a7d9d9-e4f6-4564-8291-a2916b0248b1,45.0,Female,Carsonville,Low,2021-08-09
1539,29d21a4d-17ed-49ac-a141-71619723bb4f,45.0,Female,Baileybury,High,2022-06-21
1540,9e48e3cd-839b-46a1-ae48-b47c006073da,52.0,Male,East Kaylafurt,High,2023-01-25
1541,9288f074-f683-4862-9aac-a4da59771309,45.0,Female,East Ashley,Medium,2023-10-21
1542,bbe76a26-234f-4a70-b71f-fa9b183f6353,57.0,Male,Gregoryfurt,High,2020-06-23
1543,0d5f73b8-7cc5-41ac-87c0-6df5c741ff8f,47.0,Male,Kimberlyland,High,2021-12-23
1544,e1f9dff8-fef5-49c4-b14b-c31bc3d61cc6,45.0,Male,Christopherbury,Medium,2024-04-20
1545,805a0997-8b18-4366-b129-93ff2a9c75f0,68.0,Female,South Aprilton,High,2021-04-24
1546,cb35a4e2-2808-4644-ab5a-8c87a6ced6d4,24.0,Female,Michaelhaven,Medium,2019-09-23
1547,9a3efbb7-f9ec-447a-905a-748ed06b1a82,41.0,Female,Richardsonview,Low,2020-02-19
1548,537e91d6-b4d5-4e04-8964-1ec4cf45dcdc,50.0,Female,Justinview,Medium,2021-01-10
1549,9d8bf85a-a329-4a0b-a46a-4cc840629255,55.0,Male,Port William,High,2019-09-22
1550,1a5115af-2fa7-4198-b838-be2cdeccb768,68.0,Female,Taylorberg,High,2021-09-01
1551,14845984-5bef-45d5-9c6a-daf55f287206,56.0,Female,South Colton,Medium,2022-11-06
1552,dd4e5e8e-d439-498e-bea6-54340350e5b8,33.0,Male,New Tonya,High,2023-12-18
1553,cde3e4e9-be17-416f-a319-c5adc13896f1,68.0,Female,Normanton,Medium,2019-08-05
1554,0ab0c624-0a5b-42ad-b862-6a7c2e87ed03,25.0,Male,New Maryborough,High,2020-08-11
1555,e2879d08-41e4-4d6e-a87e-9be740e2adaa,50.0,Male,Williamhaven,High,2021-01-25
1556,a5c965ed-42de-42b3-8fe3-87b13502173a,66.0,Male,Mcgeeton,High,2022-11-13
1557,28a886bd-0c98-4532-bbb3-4ba77a9ee275,27.0,Female,New Darrenshire,Medium,2020-11-24
1558,b4fc2d7d-62bd-491a-bff5-f32289dc0057,37.0,Male,Sandovalshire,Low,2023-02-03
1559,b8769321-aa3b-4684-941d-819a58caad05,54.0,Female,East Matthew,Unknown,2024-04-26
1560,94f45a01-6924-4b6d-a71b-2e36f1a9a71c,61.0,Male,Roweside,High,2021-03-31
1561,79800b63-a83d-4f32-9654-a869ca5b5ca8,38.0,Female,North Courtney,High,2021-12-01
1562,5304fc02-34ca-4162-9284-3b42e90f3bce,45.0,Male,Michaelhaven,Medium,2019-10-30
1563,4231fa1b-073c-4bf2-94d6-22dd9dd33929,24.0,Male,Port Pamelaton,Low,2023-06-17
1564,bd7adcbd-3b61-4142-8f11-2975f7551279,61.0,Male,Williamsburgh,Low,2023-03-21
1565,9822b37e-7330-4112-ad4d-5243f8dedff2,45.0,Female,New Kevinmouth,Low,2021-07-27
1566,9110b6df-2a4c-4404-aeff-3c8b4c83279f,45.0,Female,New Dakotamouth,Unknown,2022-05-16
1567,81c75c59-8474-41b9-84fe-ad1840d6ee75,66.0,Male,Lewisside,Medium,2020-03-21
1568,5dc17b80-c365-4827-963c-6f1e86a9c6fc,43.0,Male,East Jonathon,Unknown,2021-10-07
1569,a3bb452e-6a1c-41ee-a2c1-0c3556751726,18.0,Male,East Nathanburgh,High,2024-01-16
1570,6cd42d95-7e8b-415c-bb5b-e083adbf74a5,64.0,Male,West Catherine,High,2020-04-07
1571,4247fb45-3ff2-46c5-9592-e1ad1d4be5b8,63.0,Male,North Timothyville,Medium,2022-05-14
1572,c02fb802-65f0-48f9-93a7-17d2e1275556,45.0,Female,Lake Edward,Low,2020-06-11
1573,b2388836-c11b-488a-817d-91bb9132bac5,36.0,Female,North Ashleyview,Unknown,2024-06-18
1574,e65e87c9-0510-45b7-bd6b-9b1cc19f0e3b,49.0,Male,Mckenziebury,Medium,2023-09-16
1575,5c87390f-f78c-4bd8-8bff-d4acb8600a9d,68.0,Male,Port Annetteland,High,2020-03-09
1576,e29c9045-3b53-479e-b8f7-4e9da6afc6a2,53.0,Male,South Jamesburgh,High,2019-09-25
1577,c16c97df-0273-4668-ad2e-d38a384fa374,45.0,Female,Port Emilyview,High,2020-12-28
1578,3e3228a0-0d67-4e2a-aa10-7e68395e7fab,18.0,Male,Port Eric,Medium,2020-11-27
1579,ac6386cf-3044-4ec4-bc57-793052872002,20.0,Male,Port Jessicahaven,High,2021-11-11
1580,36ad6220-666d-4a38-8fe6-96956bf3b36e,49.0,Female,Jonathanhaven,Unknown,2021-09-10
1581,7eb7f7df-9b0a-416a-829e-bcf4d8bd57dc,55.0,Male,New Anthonyland,High,2021-07-01
1582,9db13977-dbc4-4752-9d9a-7489edd3e7a8,26.0,Female,Grahambury,High,2023-04-04
1583,c39b1fb1-7f69-4631-9279-b8051420c444,57.0,Male,West Christopher,Low,2021-06-14
1584,6284e271-1c7f-4be5-b801-a3a80e08f4b2,49.0,Female,Jonathanchester,Medium,2021-12-20
1585,61c1b039-2d8b-4b9c-871c-9de253ea9edb,29.0,Male,Kendrachester,Low,2023-10-13
1586,e9189470-3e2e-4bbd-8fe4-cabc0d75d976,38.0,Female,East Josephburgh,Medium,2020-10-22
1587,a2f70070-c1b3-4802-a195-3de5441635ae,34.0,Male,Jeremyville,Medium,2022-06-06
1588,1b29367c-428f-41aa-9402-760cd7c74306,45.0,Female,Randallview,High,2023-03-13
1589,d1c847af-df39-48d3-ad49-9cb659e3638a,20.0,Male,New Michael,High,2024-05-13
1590,473f3b1f-2e0e-40a6-8917-b3aac5296a01,66.0,Female,Monicaborough,High,2020-07-01
1591,8077cbd0-1b0b-4717-a5eb-22cb1293e0bc,34.0,Female,Wilsonshire,Low,2023-06-14
1592,a80de39d-7c88-4853-a380-0493e8a76f05,57.0,Male,South Michaelside,Unknown,2024-06-14
1593,841fc557-ff70-4d45-8b0d-5be6f58d794d,45.0,Male,North Traciville,Medium,2020-01-14
1594,f9180132-334e-4e9f-b8ca-e1c6df1bd5df,45.0,Male,Pooleberg,Medium,2021-06-30
1595,cc2f3ad5-feb0-4b90-a3b6-83cb5d2146eb,45.0,Female,Tammyshire,Unknown,2023-07-10
1596,a0948918-1f97-4707-860f-04598da6e579,67.0,Female,North Edwardland,High,2019-12-05
1597,8f95b24b-b425-4717-83ca-c2fccb6a6ea5,45.0,Male,West Shawnview,High,2024-06-29
1598,04ac06cb-8f45-4fcc-9449-b2bf9aaa754a,45.0,Male,Ralphland,Medium,2022-06-15
1599,9e68d26c-7772-4fa8-a1f7-50c8c9c1db86,18.0,Male,South Angelamouth,Low,2024-05-12
1600,1cd56853-6499-4d13-a476-40fc45bdf30b,50.0,Female,Scottton,High,2022-01-25
1601,c3e01fbc-6b50-4d9b-a4bd-fb51a2604b89,25.0,Female,Tiffanyhaven,Medium,2019-07-27
1602,cb51cbcb-0917-4528-b93b-8f5296ebef01,36.0,Female,Brownland,Medium,2020-05-03
1603,225bd0e8-25ab-4049-b175-617bd77103db,67.0,Female,Jennifertown,High,2022-06-05
1604,93367c37-a5c0-4fa5-9c44-61f2c7479f7d,61.0,Female,Woodsmouth,Low,2022-08-19
1605,f1f60fef-30b2-4856-b97b-11bbc63e7048,45.0,Female,North Brendastad,Medium,2024-04-08
1606,a7b667f7-d6c7-4fc6-b6d9-bcdeea32297c,67.0,Female,East Annaview,Medium,2020-03-10
1607,bd99d298-43f4-42b5-8f53-78c067e69f0c,23.0,Male,Lake Angela,Low,2022-07-27
1608,0e678ba1-7b5f-46aa-8b5a-6dc1190373be,60.0,Male,Port Tyler,High,2023-02-05
1609,8d58b37a-8c7a-4359-bc29-50d097b24de1,23.0,Female,North Reneeborough,Medium,2022-01-04
1610,61434f1c-5389-463a-a76c-b96b2098b7f2,62.0,Female,West Loganland,Low,2021-04-24
1611,630c9919-341b-4dea-95a8-4956754d623c,45.0,Female,Martinezbury,Low,2020-07-16
1612,3bc91059-4296-41f8-8eb3-da00d76d1832,45.0,Male,Bridgetport,Low,2019-10-19
1613,643baf74-7e23-45d9-9cbb-187705c442fd,45.0,Female,Sandraton,Low,2021-05-22
1614,a0a6e4bc-9637-42b4-875a-7ccc6ebf3b04,53.0,Female,Gwendolynton,Unknown,2022-07-04
1615,81208240-63fd-47b9-8065-dbcbb548abac,68.0,Male,Mckayfort,Medium,2019-08-06
1616,9800c7eb-9f32-4124-bb91-40c50fe2e85e,33.0,Female,Crystalport,Low,2021-04-08
1617,92ad692c-6e50-43bd-b47e-b0606ce6e802,29.0,Male,West Jerryberg,Medium,2022-04-11
1618,3198b460-dcb9-414c-ac7a-efa630f600f7,49.0,Female,Port Jeffreymouth,Low,2020-03-23
1619,d6cb250c-9517-449a-b102-01eb688982cb,45.0,Male,Whitneyborough,High,2021-02-16
1620,71d8ab24-0827-437d-a3cb-0abf7a81061d,26.0,Male,North Francesland,High,2024-01-21
1621,890a5374-7eb2-4359-8912-392d250cda7c,61.0,Male,Laurenborough,High,2020-11-09
1622,3153256b-593d-4d98-995d-e41c2930e259,45.0,Male,Williamhaven,Unknown,2024-06-02
1623,a5fe1b34-7c1d-40d7-b156-2124bfadb490,23.0,Male,Bernardborough,Low,2020-06-23
1624,0f70d4f1-a4ae-46da-ace0-376023462fe3,65.0,Male,East Johnport,High,2020-02-07
1625,65ebd3e8-3032-46c7-ae26-8fdcca6aae96,37.0,Female,Chadland,Medium,2024-04-07
1626,b14fcb71-e3f9-4cba-99de-f0e79d7ac5bc,38.0,Male,East Keithmouth,Medium,2021-09-01
1627,318b3d11-6e23-47e2-a20a-9ec272db6123,30.0,Female,New Jesse,Medium,2019-09-29
1628,da8ca11e-3b75-42ed-9526-b7d5d6cfdb79,27.0,Male,Donnaview,High,2019-12-19
1629,ae5de45f-10a2-455c-bb2a-dfdb8564b4d8,58.0,Female,North Kathleen,High,2023-09-09
1630,7289ad73-9e4b-448c-86f4-04f9583618b8,29.0,Male,Loweryfurt,High,2021-03-24
1631,f52901c8-b06c-447b-b7e1-ab94047c75c1,51.0,Female,New Jasonstad,Low,2022-04-11
1632,8c35342c-2f75-482c-bf8f-25a53ac32b21,40.0,Female,Montesview,Low,2022-05-02
1633,df49d870-e940-4a8d-9c68-4cef4e28d916,40.0,Male,Ericside,Unknown,2019-09-27
1634,557b5b5b-984d-480a-8798-ff441a7028ad,53.0,Male,West Rachel,Low,2023-09-05
1635,57c3a9f5-e7e1-4972-a466-0cfa75a66dcb,55.0,Female,Jonathanchester,Low,2023-07-27
1636,c0bac7ce-a529-4c71-912e-fe63f475b8e9,47.0,Female,New Mauriceborough,High,2020-07-21
1637,0731634f-5209-42eb-9671-8f0cddf22eec,28.0,Male,South Kristen,High,2021-10-27
1638,4536138b-9ba7-443b-a3b4-ddec587001d4,26.0,Female,Deckershire,Low,2023-07-19
1639,b9a66691-a8a0-4e8b-a93a-229719e8a36f,27.0,Male,Hansenside,High,2023-12-22
1640,3c0c363c-54de-4ab9-af96-447dada55479,61.0,Female,Newmanchester,Medium,2020-08-13
1641,b03edff3-4a64-4e5e-8818-10e37291a8c6,67.0,Male,Lake Alexandra,High,2024-02-06
1642,fd8b7c0b-06c7-43cf-9e1a-7094f5920ed9,42.0,Male,Kristinemouth,Medium,2019-09-24
1643,aad9efed-bab8-4873-833a-a6cc86aa49bc,38.0,Female,Wrightmouth,Medium,2021-08-25
1644,330e4d26-da21-4713-be96-6698554f276a,41.0,Female,Bellfurt,Medium,2020-11-09
1645,f3dc5fd3-b7ab-4996-ad89-1954cc27849e,67.0,Male,Garciashire,High,2023-09-27
1646,8895020d-182f-4965-b790-0e11ba1063c9,64.0,Male,Port Adrian,High,2023-10-28
1647,23dedf37-35f3-4b01-911d-7c7d597cceb6,37.0,Male,Garcialand,Medium,2023-12-03
1648,f05ec030-ac96-417d-a73c-e3ca3adc1a30,52.0,Male,North Baileyland,Medium,2019-08-06
1649,6076a9cc-64ea-49d3-8b82-41a846411bf7,33.0,Male,South Richardhaven,Low,2023-10-04
1650,c00d08be-e282-448f-91ef-7c236e320404,57.0,Male,Kimberlytown,Unknown,2021-08-25
1651,cdaabaa5-aae1-4d4d-8491-994aceea9621,19.0,Male,Mooremouth,High,2022-09-23
1652,4191897f-b537-46fe-a409-e47fcbafbd5b,31.0,Female,South Alicia,High,2024-04-26
1653,b8e6ad59-8b84-405d-af66-b0c1bebf7578,66.0,Female,North Sethburgh,Unknown,2021-02-01
1654,0a3c84ac-0979-470f-83b6-adb135f223c4,22.0,Male,Chenberg,Low,2021-11-02
1655,2f519ac6-64fe-4479-92d2-54fc56cc232e,45.0,Male,Jacquelinechester,High,2021-04-17
1656,4fa760ac-73c1-482a-bde4-43ebbf39a958,36.0,Female,Whiteshire,Medium,2021-07-14
1657,91668c5e-7c72-4df0-b3e0-a2f562780d38,68.0,Male,South Tiffany,Low,2020-06-21
1658,7660320c-8260-4493-b067-e3d2262ba83c,50.0,Male,Williamsland,High,2023-01-25
1659,c5dfebb9-5891-4a1d-a50c-a6851dad85cf,30.0,Male,Lopezstad,Low,2023-01-17
1660,d7eddeb9-90fc-4ea8-920f-a6d9f1489f05,22.0,Male,Allisonview,Unknown,2023-08-12
1661,93f43999-e91e-4e6b-ae65-8514ada12ce0,18.0,Male,Port Martinview,Unknown,2021-02-01
1662,35dc485e-ab21-430b-87b0-b09dab982f99,38.0,Male,Woodbury,Medium,2021-02-07
1663,9f682ebb-dc68-4d1a-a83a-4b1f74608578,24.0,Female,Millerville,Low,2024-02-29
1664,99aa2615-17e0-47c8-915d-3ec0250aba6c,44.0,Female,Port Patricia,Low,2022-09-28
1665,e115a854-25c4-43f7-8154-511957439bb4,30.0,Male,Stewartview,Unknown,2022-11-11
1666,7126d6cd-267a-45ba-abe4-1eb0ec7fc7b4,41.0,Male,East Amanda,Unknown,2023-02-24
1667,ae7378ec-faca-4988-a810-0f5c6afa1388,67.0,Female,Gardnershire,Low,2023-01-01
1668,63876e8d-32f5-429a-aee2-dc871d3a2a70,36.0,Male,Banksport,Medium,2020-01-14
1669,0d2ff88f-ea7a-42be-aa32-286c3968f505,58.0,Female,Lake Jeremy,Low,2020-10-04
1670,083a0272-f1ab-46c6-a612-966ff1837635,35.0,Female,Villarrealstad,High,2019-11-29
1671,c234d519-1d1c-4822-b812-2d4fb2d7d0d7,43.0,Female,Port Timothyhaven,High,2021-07-17
1672,1f090f0d-5194-40f3-979c-e7233fcb99ea,29.0,Male,Zimmermanville,High,2019-08-29
1673,55038679-e6d2-495a-8d92-c85d70eef696,53.0,Male,Jenniferberg,Medium,2023-05-08
1674,fcf17e99-1608-4711-bad6-fb435f8aa621,45.0,Male,Port Nicholas,Low,2023-09-09
1675,d8128163-77f8-4389-b4d4-2afff0e05e7a,68.0,Female,Johnville,Medium,2021-09-03
1676,e20c6b8c-25e8-486c-936f-49e2b7b529de,29.0,Male,Markfort,High,2023-06-02
1677,f8f1d636-5018-424b-8d1d-4e0b0938eb24,45.0,Male,North Alanshire,Low,2021-10-25
1678,3aa97bf0-e4f2-412e-a669-ad23b5c3a7ec,35.0,Female,South Jeffrey,High,2024-03-15
1679,663fe6ae-b359-49bc-841e-c3deb4a18083,35.0,Male,Williamsland,High,2021-08-10
1680,eeb74206-f6c8-4ebf-afa7-69d5bafd37fe,24.0,Male,Gomezstad,High,2020-01-20
1681,37b7b371-41ce-4cef-aa47-aab2e17d12dc,42.0,Male,Lake Rachelside,Medium,2019-11-27
1682,cf0aabaf-a877-44a6-b3f7-92f1f6353e6e,32.0,Male,West Justin,High,2023-07-16
1683,777070f2-0233-43eb-b65a-6c7c95ec1abd,48.0,Male,Saraton,Unknown,2020-07-21
1684,89ca5faa-aba9-4b14-b3cd-cc6bf7fd95a2,55.0,Female,New Michael,Low,2022-03-03
1685,913dfe6e-4ed1-4a0a-a655-6e2be550593b,37.0,Female,Harveybury,Unknown,2023-04-11
1686,89ae8d7c-cbcd-4117-8a06-d7ddc5fa9132,45.0,Female,Port Joseph,Low,2020-02-12
1687,2172c7bf-0780-46ea-b512-112eff96c8c9,25.0,Female,Moniquefort,High,2021-07-25
1688,da1f6038-aa85-4ecb-8bb0-de46a620415d,62.0,Male,North Andreaberg,Low,2024-04-01
1689,98d7dfaf-a429-48a1-bc52-7369193279f3,42.0,Male,Monroeville,Medium,2020-08-30
1690,7f7975d9-22a6-40e7-8c89-138558bb469e,35.0,Female,South Eugene,High,2021-06-06
1691,97ee26b8-320c-4c59-9abb-62380716854f,28.0,Female,Markburgh,Low,2021-10-01
1692,7636fae0-36fa-46a4-82d3-0cb47d1032f3,42.0,Female,South Alexandra,Low,2021-04-27
1693,0c68dabb-b818-43bf-96de-e0b384ace943,54.0,Male,North Samuelborough,High,2024-01-08
1694,feb533af-e9e4-4802-8f5b-9a9a299389e7,45.0,Male,New Michael,Low,2020-05-15
1695,2fb8e79a-8243-460a-ac89-27524c8debb3,63.0,Female,Torreshaven,High,2023-06-15
1696,840c5cf0-3fe7-40ee-8f3b-08c7c0dad3d1,36.0,Male,Clarktown,Medium,2024-05-15
1697,8a1b714a-0592-42f9-bdc0-e7d67163f3f1,26.0,Female,South Joelland,High,2023-03-06
1698,a2c21cab-0da7-4273-b2a4-f4b62d2aa701,31.0,Female,West Christopherberg,Low,2023-07-12
1699,c100b7c6-1742-4247-b5a2-a5182e6ebe82,36.0,Male,North Kiarashire,Unknown,2022-02-24
1700,b64655c3-a06c-4f03-91fe-8dde87a2c547,26.0,Female,South Christopher,Low,2024-01-02
1701,073c6562-9889-4347-9102-98422192068a,30.0,Female,West Rebeccamouth,High,2023-02-16
1702,60043349-aca0-4f92-987b-8888e8985f78,45.0,Female,West Bethville,High,2022-01-01
1703,6d6a803c-8aa3-4555-8074-0f7aa01937bf,39.0,Male,Paulview,Low,2019-08-31
1704,07546534-fcd9-4a32-8a9d-49027e807494,40.0,Male,Jeffersonbury,Low,2020-05-14
1705,5ff49c7e-70b2-46de-a722-92b0c1edbc17,59.0,Female,Boonefurt,Low,2024-05-31
1706,1c188e21-9a0a-420e-a39f-e17691fe17a6,53.0,Female,Earlshire,High,2021-03-22
1707,d2e46fdd-70eb-46dc-8d2b-f23bed09742d,68.0,Female,New Matthewstad,Low,2021-07-04
1708,f47eec30-d2b2-4ccd-81df-29c26eea2613,32.0,Male,Shawstad,Low,2024-05-13
1709,d8a36267-ed6b-4880-a1d6-2c33c5e77271,57.0,Male,Melissamouth,Medium,2021-06-07
1710,c6c2f008-4229-44e7-8b6d-24ba0f5146b7,68.0,Female,New Chadmouth,Low,2021-10-08
1711,7c1ced6e-c1ff-4cc8-ad63-480b951db4e7,45.0,Female,Lake Joseph,Low,2023-08-18
1712,04b0cd53-29ca-48ef-b4b7-9520a2939288,22.0,Male,Andrewborough,Low,2020-12-27
1713,c509e8bd-b02b-498d-b380-2630a76a5264,56.0,Male,Sanchezton,Medium,2022-08-14
1714,892666ed-6ac7-475e-a439-be787d456af3,38.0,Female,Foxville,Low,2023-01-28
1715,7689da74-95f4-4977-a528-968d6e64235c,45.0,Male,Bruceberg,Medium,2023-03-22
1716,daba2f66-e4b2-417c-9f3a-826594a2985f,25.0,Male,Port John,Medium,2021-12-09
1717,ab87ecef-f7ea-49b0-8c50-c31442ad5c46,18.0,Male,North Daniel,Medium,2019-08-08
1718,c7795b86-84bb-4da2-a8dd-8433adda3783,64.0,Female,Smithland,High,2022-05-23
1719,1e66b466-e10c-48a8-a1a8-b1f7c963d0dd,45.0,Female,New Alexis,Medium,2024-02-28
1720,d06373dd-8d92-4e7d-8329-c4ce400b0d42,27.0,Male,South Shannon,Unknown,2023-10-27
1721,eeef2240-3f56-4891-9a2f-8fd4ede5c966,65.0,Female,Port Susan,High,2021-12-29
1722,8aa6b122-fcd1-42a8-b4ad-d526bf397551,60.0,Male,West Susantown,High,2021-10-02
1723,99d38969-3c5f-4387-bb49-1ba429f7acae,31.0,Male,New Walterborough,High,2020-06-15
1724,0cf376d6-ab2a-468b-a290-4b28ffafe6f2,53.0,Female,Josephside,Medium,2022-10-18
1725,425d34ad-d5f8-45f2-a4c9-02e101348139,36.0,Female,Fergusonmouth,Low,2022-07-08
1726,6ee69819-b275-4409-93d0-b62be6a7146a,45.0,Male,Melodybury,Low,2019-07-12
1727,7d83304d-2501-4c9f-ba63-a1a14343e51f,62.0,Male,Gomezville,High,2021-03-21
1728,9f4f2b86-2599-48b6-b75a-fe78e18a3b3d,55.0,Male,South John,Low,2021-08-03
1729,2931bf86-a79e-4a3d-b79a-4c16d23b7fb8,28.0,Male,South Sandra,Medium,2019-07-05
1730,b5045ac9-31cb-45e4-b43e-73581751c807,68.0,Male,Port Julie,Medium,2023-01-20
1731,181df381-a7e6-4382-9d05-df46b8cd042c,67.0,Male,Joycechester,Unknown,2020-02-16
1732,e1fe4676-3d06-44d7-8aab-18f8330f8359,45.0,Female,Lindsaychester,Low,2024-06-14
1733,2532a5d8-e9a3-4ba5-a04c-777fb7f5e9ad,24.0,Male,Charlesbury,Medium,2020-06-26
1734,05601955-8861-4084-96ca-74cf23ab9399,19.0,Male,North Jamesmouth,Low,2022-03-09
1735,1019ccad-cf57-45a4-935a-55a717cb0b19,61.0,Male,Lake Walterfort,Low,2019-11-06
1736,f1dfc90f-e884-474c-85a8-2058e3db24d0,45.0,Female,Wrightfort,High,2021-01-29
1737,f58c19c7-7b85-4aba-b26a-b90a641e31d2,21.0,Male,Luisport,High,2023-07-05
1738,411c2202-f939-4b1f-bdd3-7eb0257bd14a,68.0,Female,Lake Katherine,High,2021-11-07
1739,aadc22e9-8f18-49c0-afb9-5960b08548a0,37.0,Female,West Robert,Low,2023-05-22
1740,752d0d0f-c234-44cb-b36d-8808b640faae,20.0,Male,New James,Low,2020-11-28
1741,5c1767f6-1787-4914-8e3e-d2c750789bd4,68.0,Male,New William,Low,2019-11-17
1742,fd11859d-5449-40e1-9803-5825dd1b9853,58.0,Female,North Robertport,Low,2023-05-14
1743,7d1f9b99-1d76-4d6c-9f68-8cc0f96bec8f,68.0,Male,Walshside,Low,2021-08-10
1744,bc3d81a3-8a04-4df0-bec8-ed35408264cc,53.0,Female,West Kristineborough,Medium,2023-06-14
1745,43e4b223-fb59-418e-af26-d56dfb0d709b,43.0,Female,Simpsontown,High,2023-08-17
1746,8a4e842f-affe-430d-81a5-15102e10eece,58.0,Male,North Williamton,Unknown,2020-10-12
1747,83dc47eb-0ad1-4c15-91ae-d18f9fd2e6cb,27.0,Female,North Cody,High,2024-06-18
1748,578f93c3-22af-4aa7-9eeb-35d1e0255e66,27.0,Male,Johnmouth,Low,2019-09-04
1749,4c1adb6b-6585-4824-aae1-a9e7f95ec785,62.0,Male,Lindsaystad,Medium,2023-05-30
1750,63737b4e-eb7c-448d-93b1-943a21a33adf,66.0,Female,East Julie,High,2023-11-30
1751,59ea89e2-a155-4538-8981-9705c6f451ab,37.0,Male,Victorport,High,2020-07-21
1752,173f209e-2950-4eb7-bcdf-3415c7ed16af,59.0,Male,Lukefort,Medium,2021-11-17
1753,a8094112-0900-4bad-801d-3ad673b8a229,20.0,Female,East Vincent,Medium,2022-03-23
1754,461ae1ff-cfe2-4e8d-bda0-e2f2aa7a85e7,35.0,Male,Guerreroborough,High,2021-02-07
1755,d9896b49-19bb-450e-962c-05e2b4e8443f,52.0,Female,Joshuaview,High,2020-04-28
1756,7896af42-ad39-42fb-97a4-306df323e008,31.0,Male,Lake Mitchellborough,Low,2021-12-21
1757,7c31f87f-62b5-465d-aeb5-76d253d559eb,35.0,Male,Wallsmouth,High,2024-03-01
1758,1d71d8c1-f064-44b2-8c24-49d3a03a1182,27.0,Female,Peterstad,High,2024-05-03
1759,76be2909-fdde-4580-8f9f-cb0c409a69a3,34.0,Male,Baileyton,High,2023-11-22
1760,b66e378c-6f1f-405c-a4d9-5da8cdb1faf3,25.0,Female,Donaldhaven,High,2021-02-08
1761,30df20ea-d25b-4d3e-a14c-d3eab983b377,22.0,Male,Elliottshire,Low,2020-04-22
1762,511faced-6566-441e-bd99-f8261bf1c079,53.0,Female,Sanchezton,High,2023-09-06
1763,f8f26365-669b-43fe-8d77-83bc85a13073,47.0,Male,West Jennifer,Low,2020-08-13
1764,fdb81781-8071-4364-b074-dacc53de5284,26.0,Female,Olsonton,Low,2020-06-25
1765,a2bc414d-db64-43a9-8456-e0979baddc33,62.0,Male,Cunninghamfurt,Medium,2023-06-26
1766,e8236c55-bd04-44e1-a12c-e3b4bb747ec3,45.0,Male,Lake Ryanstad,High,2022-03-12
1767,9b8179f4-f187-4cfd-b12a-0c182539f178,68.0,Female,Katrinahaven,Medium,2022-10-26
1768,5050eefe-2392-4d18-b4b6-913d42b9f62b,45.0,Female,Alexanderstad,High,2021-02-20
1769,88d5c11e-3341-4712-837d-eb2a1c7c74fe,23.0,Male,Williamsland,Medium,2021-12-26
1770,2cbc0072-ad52-44e8-a333-ffdeb8f376e1,45.0,Female,Lisabury,Unknown,2023-07-08
1771,6cc1eaef-8496-4485-af7a-9812ccdac060,65.0,Male,East Danielview,Low,2023-02-25
1772,4835ba27-59d9-4995-bd62-b56fc9ea0aed,47.0,Female,Christinashire,Low,2022-09-22
1773,edb3942d-cb00-4942-b93f-3702ec6d6086,56.0,Male,South Tamifurt,High,2019-10-09
1774,3d0312c8-80bf-4eeb-91fe-cb842be19ca4,42.0,Female,Huffmanmouth,Unknown,2022-09-27
1775,5c93a1f6-6de1-44ff-a2cd-69103c213a50,51.0,Male,West Markborough,High,2020-10-21
1776,1c77cb4b-2e79-4201-90a2-f9794dd4328e,35.0,Male,South Brianville,Medium,2021-08-26
1777,6252bbc1-e83b-48d0-8bc3-599aaf3a8a3e,25.0,Male,Nathanberg,High,2023-07-19
1778,4d99f884-740e-48ee-8d00-6166bee14f02,33.0,Female,Lake Erinstad,High,2020-01-27
1779,7f073342-0881-484e-a2f1-16c8260f5e3f,63.0,Female,Shermanmouth,Medium,2021-06-22
1780,8a39b491-7b4a-4319-ba21-ece95b3f2195,50.0,Male,Perezshire,High,2024-01-07
1781,9b41ee55-1157-453f-934e-e07eeaa9d305,45.0,Male,Jonesfurt,Medium,2024-03-08
1782,e475ef54-cd9d-4905-9282-ea4799a24af3,18.0,Female,West Jose,Low,2023-08-22
1783,0171e73f-6860-4888-bf39-b4a64e7dda60,27.0,Female,North Angel,Low,2022-03-28
1784,faa7e23f-e0c8-4181-b8a5-f1eeb8fa2000,18.0,Male,Ballstad,High,2022-10-15
1785,d410a161-09fc-4c87-9f5d-73bdeafc0090,19.0,Female,Lake Jennifermouth,Low,2020-04-03
1786,4702d3fc-a279-41fc-a3e1-9a643f76d8c6,46.0,Female,East Lori,High,2024-01-17
1787,f59f14b9-16ea-4cf3-b5ff-d8d92c786236,33.0,Male,Cummingschester,Low,2021-09-13
1788,5014dbd1-4580-427f-a1ef-32f1989687c8,43.0,Male,New Loretta,High,2021-12-19
1789,5d4c3d12-098f-4672-aa0c-2972d9a84c82,59.0,Male,North Joel,High,2021-04-22
1790,2e0f5568-729b-4339-923c-434724c2218d,65.0,Male,Raymondstad,Unknown,2023-10-06
1791,44eca02a-cfa5-41ef-aad1-78ed5186ca64,38.0,Male,North Christopher,High,2024-05-08
1792,d2039527-a85b-4404-9238-91ebb6e0ec94,45.0,Female,Jaclynmouth,Medium,2020-01-06
1793,a3167bf4-3e37-4b74-b60f-bed399191b75,48.0,Male,Atkinsside,Unknown,2020-09-30
1794,11b2ebb2-7479-4c10-872d-353000075218,45.0,Male,Jamesborough,Low,2023-10-02
1795,e4d67375-9069-4e23-ab19-35066977a6fc,41.0,Female,Laneberg,Medium,2024-04-26
1796,8b603757-5985-4f60-b23b-bd869fdc36b5,39.0,Female,Port Jessicabury,High,2020-09-04
1797,5114cf11-f320-4d3b-a145-73b42d48afb3,22.0,Male,South Malik,High,2023-05-10
1798,f9067596-65cd-453d-aeae-3ea8ffe791b8,25.0,Female,Burnettton,High,2021-08-02
1799,0f50645d-c511-4df0-8020-43d5f17639f9,45.0,Male,Christopherville,Unknown,2024-06-08
1800,df5cdd30-cd21-4e24-850a-c77ef1aceeaf,45.0,Male,North Stephanie,Unknown,2022-08-05
1801,5e060e3f-1255-47e2-8a4c-22dc4a414c8c,68.0,Male,West Kenneth,Medium,2024-06-01
1802,19b49713-09a6-48a7-a032-8c2a0cc3812e,34.0,Male,New Alexstad,High,2020-04-23
1803,bd4a30a7-6221-45d4-acba-bda2eeea4b17,58.0,Female,East Jeffreyfurt,High,2023-09-01
1804,22c10765-8b8f-4765-af83-1924d41b84a0,37.0,Male,Brownbury,High,2020-05-15
1805,38fd9829-78af-41ea-aded-4c0a4cba48e1,37.0,Female,Dalebury,High,2022-02-08
1806,1585f492-0fa4-4fd3-8027-469b87803293,35.0,Female,Jenniferstad,High,2022-12-11
1807,11bdcfa1-81f2-4380-a696-2404a30d98eb,35.0,Female,New Eddiestad,Medium,2019-11-21
1808,e8da7080-5d5c-4082-bb97-87d865a207f3,32.0,Male,Port Williamtown,Medium,2023-09-17
1809,db686608-4e73-4a34-8018-95f212c2361e,53.0,Male,Tammyhaven,Low,2020-05-09
1810,b1ae4855-52f8-4136-b380-9be5befecb89,57.0,Female,Christopherberg,High,2023-12-17
1811,81be7ae8-5f41-4ee9-895e-b001c5c63186,27.0,Male,Lake Phillipside,High,2023-03-06
1812,246eb688-f74c-4d53-a327-8d444a2fcd62,28.0,Male,North Billbury,Medium,2023-12-26
1813,4482342c-d241-457d-9ab9-7f6d86f88f35,68.0,Male,Lake Amberport,High,2019-12-04
1814,856a25cd-56a1-4558-a8ed-6e0e655cdb0d,58.0,Female,Alvarezborough,Low,2021-06-06
1815,c8436ffe-dcc2-4103-9c12-c5f3c6f17505,56.0,Male,Joannaport,High,2021-02-26
1816,d4c6ca23-fb3a-4f49-b5e7-9705207c1d59,21.0,Male,East Davidhaven,High,2022-09-24
1817,bd8d1842-079f-4c42-8121-d8c5b6e0af20,62.0,Male,North Steventown,Unknown,2020-05-29
1818,78eb8c8f-ce31-4585-8c1e-7bc7943f3707,21.0,Male,Kathleenton,Low,2022-07-25
1819,b8cd2f3f-1d2e-4658-8e68-13dd239f7e26,26.0,Male,Fordville,Low,2021-09-21
1820,23d490b4-0565-44b6-81d0-8a7d21b63807,45.0,Male,Fergusonshire,High,2019-10-17
1821,b24820df-3291-4d4a-a057-0ae7025072aa,54.0,Female,West Melissaside,Medium,2023-05-17
1822,39ce1776-9aac-4b0b-81ca-5a10e9b4c98b,52.0,Male,Powellport,Medium,2019-11-18
1823,7ff4699d-2b11-4c68-813a-d1ba122089db,26.0,Female,Weberhaven,Low,2023-12-02
1824,42f52b1e-bedb-4294-8039-7b08c1be1662,23.0,Female,South Jenniferfurt,High,2022-03-19
1825,3b32ed47-3244-4a99-812d-71a70d88434b,51.0,Male,Jonesview,Medium,2023-02-23
1826,616aa636-834d-4ec6-853f-8edb30213d81,24.0,Male,Lake Zachary,High,2022-12-14
1827,fe0cd690-1c34-4ed3-93df-05b9a47d4a21,56.0,Female,East Max,Medium,2021-05-29
1828,ac066f80-c3b9-41df-8596-a6471d2231af,49.0,Male,Jonesburgh,Medium,2021-10-21
1829,f3606f64-3f9f-4758-bd59-c9424f0d8028,54.0,Female,Kruegerstad,Unknown,2022-07-06
1830,a95648e1-9b6d-4541-9668-3391b1993a50,64.0,Female,Williamchester,High,2023-01-12
1831,983068c4-0f6c-4969-96a3-c4de81e494e7,40.0,Male,Port Donnaview,Low,2024-02-23
1832,c3a5e86e-a74b-420e-b1e7-13bcbe6b71ac,42.0,Female,Ronaldton,High,2022-07-31
1833,09db9681-6875-42ce-bdf3-b9cc13a8eb54,64.0,Male,Lake Greg,Unknown,2020-10-01
1834,e06413ff-0852-4f6c-99b4-443ac36468e6,19.0,Female,North Amanda,Low,2023-06-04
1835,79fc606a-c02c-4c39-b065-3e88a59b366c,34.0,Female,Johnsonburgh,Medium,2019-07-10
1836,65e3bba3-9b31-4b13-8cf4-c995c3b78a87,55.0,Male,Gilbertberg,Low,2024-05-26
1837,6ed32b2a-887d-4e4e-babd-2d6392fa060e,66.0,Female,West Lisa,Medium,2019-12-31
1838,4db8c4df-3277-416e-88a2-a8df95163fee,19.0,Male,West Morgan,High,2024-05-03
1839,da2bcb52-7196-453b-88fa-2566f84fa881,57.0,Male,Clayhaven,Low,2024-01-18
1840,4d1b148f-cda5-4baf-aa6e-d83d7adb5192,28.0,Male,North Anthonyburgh,High,2024-03-30
1841,253fa70f-a41b-40c0-8958-37f3b5e204e0,23.0,Female,Stephenstad,Low,2020-10-29
1842,7c04fa8c-3838-4820-830b-fec86eeb507e,61.0,Male,Hopkinsburgh,Low,2022-03-16
1843,86c8bcf9-6c61-4615-98c1-2c572d35722d,39.0,Female,South Douglasfort,Low,2020-09-30
1844,806f26a0-986d-495a-95f0-76805e6d8ce8,36.0,Female,Danatown,Medium,2021-09-26
1845,8bce090a-5f2e-451b-b0e4-2f33a5defdca,45.0,Male,New Kimberly,Low,2020-02-17
1846,490e8d72-d72c-4e00-b790-d91b98299c68,45.0,Female,North Jeffreystad,Medium,2019-12-07
1847,acf67b6a-1e28-4800-9f4e-71e803133d8e,59.0,Male,New Sarahland,Medium,2020-05-06
1848,17136d95-b3c1-425e-b206-778af63ad9d7,27.0,Male,Norrisstad,Medium,2019-07-03
1849,7d10a376-a72d-4cfc-aafe-9378487151b2,53.0,Male,Ronaldborough,Low,2023-03-31
1850,68479040-6691-495d-8ca9-122ec5010fb6,19.0,Female,Port Dawn,High,2020-11-09
1851,8354610e-6fc6-4a5c-bea4-596a86f06236,47.0,Female,Port Adam,Medium,2023-05-22
1852,9dff89a9-fc39-423e-85d2-144f4e16c981,68.0,Male,Port Megan,High,2021-07-08
1853,7d2fdd4f-9d53-4f74-a2c1-7d3fef072a53,44.0,Female,North Debra,Medium,2024-04-07
1854,56648514-9da1-42f1-911f-49b94b7038f6,18.0,Male,Phillipsmouth,Low,2020-02-21
1855,fd7e416c-1740-490d-b816-d909294eaa21,42.0,Female,Rebeccashire,High,2023-07-25
1856,7f96f3d6-14ad-4a0b-8dac-a51a205d775a,24.0,Female,North Sarah,High,2023-07-26
1857,4f502ae7-14f3-44cd-91e3-dfaf5efe724b,48.0,Male,Port Christophermouth,Medium,2023-02-18
1858,567e8154-f199-4535-b9fe-ce9cdb311901,26.0,Male,Port Christopherland,High,2023-05-05
1859,1222d9f6-54ea-4077-a362-84a828c4152d,66.0,Male,Lake Bradley,Medium,2020-04-03
1860,edc655e1-174f-455f-8ae3-f12ff758a281,68.0,Female,New Lonnie,Medium,2023-09-24
1861,187ec535-ad79-418a-aa08-86fd8a2becbb,45.0,Female,Bernardtown,Medium,2023-07-13
1862,8d47ee55-d382-4fa5-8a9c-b369cc2309b8,26.0,Female,Briannachester,Medium,2022-06-14
1863,7ad2f808-14ec-407a-9485-a0a140891701,19.0,Female,East Jose,Unknown,2020-01-19
1864,19562c03-096b-48c3-bf01-c04ceedef78c,45.0,Male,Lake Tracymouth,High,2021-09-24
1865,7b2af615-a5d5-4d6d-9a25-8431c4225edf,40.0,Male,New Dominique,High,2021-08-27
1866,39ff9fd0-cd8d-4f6d-9ee1-982ffabe382b,33.0,Female,Englishbury,Low,2020-11-16
1867,a6b32804-271f-49c4-b6e0-6bab25fd7313,66.0,Female,North Jose,Low,2022-03-31
1868,5be24c07-9b89-479a-ba96-5edb10b65b3d,63.0,Female,East Samuelland,Medium,2021-03-14
1869,45326d96-142a-4eef-8580-f2e3add19f91,45.0,Female,Davidtown,High,2024-04-06
1870,544dda6b-7d2f-445c-90d9-caeccac0e548,58.0,Female,Robertsfort,Unknown,2021-03-10
1871,2b5f6d15-acf4-4c88-8711-6fb1b1ad9334,53.0,Female,Alanton,High,2021-11-02
1872,328e739a-ddac-4661-97aa-76b8ee47e373,31.0,Female,Port Calvinbury,High,2022-12-22
1873,2daa9ac8-d5fc-48ea-b380-528bef681cef,24.0,Male,Jasonside,Low,2020-05-17
1874,168032e3-5e2f-4186-9f59-8d35cf641d56,23.0,Female,Geraldstad,Medium,2021-07-04
1875,d0874909-2b8a-4921-bec7-610d9452b113,38.0,Female,Brianshire,High,2021-01-01
1876,9f29cb6f-d6da-4351-a349-130dfbc5c5b4,45.0,Female,South Christopher,Low,2022-01-13
1877,e12c37b3-7d4d-472f-9fd8-0df2cb3001aa,60.0,Female,East Jonathan,Medium,2022-12-13
1878,041ce001-c5db-443e-8269-7ff3412af7fe,41.0,Female,Brownland,Medium,2024-02-17
1879,5e51120b-310f-42c1-a0ba-6a8f96b44dbd,29.0,Female,North David,Medium,2023-09-03
1880,6c0120b7-486d-460e-b11e-6c8b6dc4770a,35.0,Male,Pierceport,High,2023-10-23
1881,70a64f68-8300-40b7-9d3e-932bf73ba7e1,45.0,Female,Rodriguezmouth,Unknown,2021-02-22
1882,9cce68d4-6fd9-41ad-83e6-42f2bb1fd6cd,62.0,Male,Rubenmouth,Medium,2023-01-02
1883,03fac2e6-f130-4cf6-b8b8-2f147c2fe60a,47.0,Male,Judithville,Medium,2020-01-15
1884,7d7f14ea-53a3-4bd8-885b-ca6973b32df5,56.0,Female,East Nathanielton,Unknown,2020-01-16
1885,3ff32e3e-b551-46f9-9e3d-469a8a600c0b,59.0,Female,South Melissa,Unknown,2020-04-29
1886,ce3f403f-b955-4364-ae22-bf351381e01f,40.0,Female,Camposmouth,Medium,2021-09-03
1887,69b50dbe-3286-401f-abdf-65d98281db68,45.0,Female,Lake Zacharychester,Medium,2023-06-14
1888,143a7859-5fd2-4331-b520-ffb140afa5bd,46.0,Female,West Patrickside,Medium,2022-05-28
1889,2b835427-0aa3-4965-b62b-f7f060d26947,64.0,Female,West Ryanfort,Low,2021-06-06
1890,0463c692-67ef-4503-a150-fcc91f1bc488,45.0,Female,Lake Brianna,Low,2023-04-17
1891,83b5b874-12ad-4691-a855-a015709d0a88,47.0,Male,Gonzalezport,Low,2021-04-20
1892,1f8069e9-db38-4b2e-894d-5997b2fd6a37,27.0,Female,West Lisa,High,2020-05-21
1893,87f8ea44-b883-42e0-8220-4ef3b755c9b5,57.0,Female,South Timothy,High,2022-01-21
1894,0064a8b2-71d3-41c1-a46a-6eea56fdff91,44.0,Female,New Wesley,Low,2022-06-18
1895,be854a65-4191-467a-9237-60b4e088df5b,26.0,Female,New Nicole,Medium,2020-03-20
1896,4622bc80-2db4-4f97-95cd-8f8e4c970f9d,59.0,Male,Hurstville,Medium,2021-08-05
1897,72d087e6-a4ec-4a4b-b04e-1aa6d5c1ff72,52.0,Male,Port Christopherhaven,High,2023-06-05
1898,f65c5f30-f126-4e6c-88d4-1883d0da87c1,57.0,Male,Lake Jose,Medium,2020-06-28
1899,764ab2cd-20c1-4f1b-9082-5e1f9ed9d0b1,63.0,Female,Rogersberg,Medium,2022-01-27
1900,c46acc0c-c5cd-426e-8955-d4a04d6ba4f7,68.0,Female,West Robertton,High,2020-04-05
1901,83aed673-23c1-4ba6-85ff-1d9246e03416,20.0,Male,South Jasmineside,Medium,2022-11-14
1902,3225bbb4-c47c-44b8-aea8-6cca20b50892,50.0,Female,Lake Gabriel,Low,2020-06-20
1903,9bdf4403-1e6a-4b6c-8556-a58e26591bd2,25.0,Female,Wagnerfort,High,2020-05-04
1904,82c419c8-4291-4be3-89d6-cdf943ebc734,47.0,Male,Port Jacobchester,Low,2020-05-25
1905,0245d7a4-69b5-4f4a-9685-7fa4b60bdae6,40.0,Male,Adamsfort,Medium,2022-12-09
1906,13b1dad8-724d-45e8-9ecd-912d09e4931c,45.0,Male,Lake Scottfort,High,2022-02-01
1907,ea9c6ace-9cbb-43fa-a98f-7825fcc7508e,18.0,Female,New Alexisshire,High,2023-12-06
1908,581657eb-d7c0-478a-8b99-8cb33c01a4d2,50.0,Male,Lake Lisafurt,Low,2022-08-16
1909,f213d3a3-0a7a-4889-b80d-5bcced6d7201,66.0,Male,Rubiohaven,Medium,2022-07-02
1910,4090ba85-b111-4f75-a792-c777965f5255,23.0,Male,West Scotttown,Medium,2021-02-11
1911,9f5559c7-88ea-44e2-b7f4-39d44a8eba60,45.0,Male,East Danielle,Low,2020-06-22
1912,eee8a7f8-1a5b-4c9f-947c-8511fa6a771d,45.0,Female,North Justinville,Low,2021-10-24
1913,725004a6-4b75-44de-b3c9-f0aa4bb14fe2,48.0,Male,Lake Jennifermouth,High,2024-03-25
1914,2c508c12-75f7-4ec0-a7a3-c48c7297ce9f,37.0,Female,Roymouth,High,2021-01-12
1915,12dc6fed-c847-4040-93a1-dd00eb7ccbc0,34.0,Female,South James,High,2021-03-12
1916,0e663785-6555-49a9-ac34-ea04406b1ba5,65.0,Male,Lake Kristen,Low,2021-02-23
1917,ed5dc22d-7406-40bf-a647-e880e75bdbdd,52.0,Male,North Tyler,Unknown,2020-06-23
1918,113007f8-af2b-4c35-8396-b01ba2f41762,48.0,Male,Barbaraside,Low,2024-02-06
1919,e2aa2070-2327-4a68-92d6-eb959330b07b,18.0,Male,Loribury,Medium,2020-07-08
1920,640e1c54-6ef2-45fe-9567-f0edab3c052e,30.0,Male,Melodytown,Low,2023-04-26
1921,675a8ec7-a86a-4c3d-b75a-5cbe0ceaecf7,48.0,Female,North Alanchester,Unknown,2021-04-12
1922,8bca00a4-2829-49f2-9375-7515df7b6810,29.0,Female,East Kenneth,Low,2022-11-21
1923,8eb8abc0-7bbf-4083-9164-385086b8aa90,54.0,Female,East Mathewshire,Medium,2023-02-11
1924,9727ce20-2446-4805-abe4-584d5e8acef0,43.0,Female,Lake Sabrina,Low,2023-07-30
1925,ad17268e-71e0-4fd2-91c4-0521eb3ffa0b,18.0,Male,Port Kaylaburgh,Medium,2024-01-02
1926,30c722ab-be73-43a8-80bb-545ce0e564b3,67.0,Male,New Luischester,Medium,2023-07-29
1927,9eb78179-6de7-4c67-b04b-709c40f5ce01,34.0,Male,Lake Charlesshire,High,2023-08-05
1928,6f4e2bbf-feb8-41b0-b542-e5d434c8e6d5,52.0,Male,West Michael,Medium,2023-08-11
1929,99220a1a-25ed-41a2-8156-541ea6ae971f,59.0,Female,New Stephenshire,Unknown,2020-01-18
1930,7078fc3d-0199-4f00-9f00-9c3780a1657e,45.0,Female,Cannonmouth,High,2023-03-12
1931,28430763-928a-4941-998c-366da3d0a74f,20.0,Male,East Ricky,Low,2019-08-23
1932,64531be0-1043-4a93-84c9-a3fee938661a,50.0,Female,Whitneyton,Medium,2021-08-05
1933,4d24bcf2-5cbd-4f60-8ba5-4da86c72edf6,55.0,Male,Jenniferstad,Medium,2021-05-31
1934,8c17d726-a6a2-4b21-b5eb-26b043091255,39.0,Male,Baxterville,Low,2021-05-14
1935,1defa046-5de2-45b6-bb67-3a6f081edf54,35.0,Female,North Brittanyland,Low,2024-02-28
1936,ce5437b0-66af-47b2-aa68-423d3b15685d,46.0,Female,Stuartstad,Low,2021-07-05
1937,0b8b7f09-74ba-439b-9c81-9e4916b7fb3e,35.0,Male,Justinbury,Medium,2020-11-10
1938,a77e68ea-8cb4-4b08-870b-194dc3331752,61.0,Male,Port Stevenbury,Unknown,2022-12-02
1939,b29ddf39-3a1e-4a11-97fd-a2ec8ccf01c5,34.0,Female,South Samantha,High,2019-08-15
1940,a309f845-3a66-474a-ae3a-332d3c2e755b,22.0,Male,East Kristine,High,2024-03-02
1941,31372d93-a5d1-44fa-b6ec-4cbe593281cf,63.0,Female,Ruizton,Medium,2019-11-17
1942,29a79202-89c7-4fad-972f-fa5706d0bcef,68.0,Male,New Maria,Unknown,2023-05-18
1943,f843cc6e-c50f-439c-a21d-041b211c07a9,18.0,Female,Hallfort,Unknown,2023-07-17
1944,6e59ab74-2fb0-4ed5-9db4-fad5264d0631,54.0,Female,Sullivanburgh,Low,2021-04-15
1945,7e1c77ea-9219-49f8-ae1e-c443b50a8a03,60.0,Male,West Christopherfurt,Low,2020-02-09
1946,e173b550-09e9-4e41-a7a6-ed62238a5435,45.0,Male,Seanburgh,High,2024-03-11
1947,b24bc6e2-5921-4d0a-8f7c-f7a4353444bc,63.0,Female,North Donaldland,Low,2021-07-23
1948,5727a118-547d-4495-9546-8ce2dbe74242,68.0,Female,Port Barbaraburgh,Unknown,2020-09-24
1949,9d4d9b36-c718-4f5e-8c9f-a0fbf1e6da15,45.0,Male,Bendermouth,Medium,2021-09-18
1950,2ac4368f-2dee-42ae-9b51-0e5a3fd2df32,34.0,Male,Georgebury,Medium,2023-01-02
1951,ecb9513f-fa9d-432c-996e-87fb80dc8827,54.0,Male,West Elizabethland,Medium,2024-06-03
1952,60ac9bea-e2cb-4338-9351-0e0aae82f71d,39.0,Female,Lake Lisastad,Medium,2023-12-14
1953,841fd92c-2c00-4beb-b870-76df175c4398,32.0,Male,Lake Samanthaberg,High,2019-12-26
1954,0bd8dad3-da33-48bc-9751-29033056b5a8,34.0,Male,West Daniel,Low,2022-12-02
1955,d1994e4a-365b-49fc-8a99-3bd92ff155e4,34.0,Male,Port Kevin,Low,2020-09-14
1956,ac5436b6-4dbf-4083-88f5-87e9c9b2064d,62.0,Female,Carolynland,Medium,2021-08-19
1957,edf30f14-1896-4a6c-b5ba-b208702af318,34.0,Female,Richardville,Low,2024-05-19
1958,72e6f859-2111-4be3-b0e1-53895f0760bf,63.0,Male,Grahammouth,Unknown,2023-09-24
1959,c812445a-852f-44cc-afdc-20b7bdfbcf11,56.0,Female,Howardborough,High,2021-03-22
1960,f3d24254-2198-4838-8ef3-494090b9c5de,30.0,Male,South Taylor,High,2024-06-30
1961,a5087e16-7348-4e69-a8e3-9b9612243cfd,34.0,Male,Bruceville,High,2021-05-18
1962,d24275e1-2bd3-49f8-9596-9f962be5127c,45.0,Female,North Mariahbury,High,2024-04-03
1963,246fb860-b424-475a-9321-514da3bb0da9,68.0,Male,Heatherland,High,2023-03-27
1964,bc91b421-7389-4119-afaf-e4dc3bfbed66,45.0,Female,Lake Gloriaberg,Low,2021-10-10
1965,0770e254-efc6-46f6-b0e4-27dec5175da3,51.0,Male,North Lauraburgh,High,2019-12-24
1966,47ceaec3-7419-4dbe-9206-8452b16bb61e,62.0,Female,South Aaronshire,High,2021-10-09
1967,3e9cc599-ba23-4de3-9c18-19a2ce4764e0,45.0,Male,New Jesse,Low,2019-11-03
1968,f35c22d5-a7ac-4cf0-a06c-5e8370eeb394,19.0,Female,Penningtonhaven,Low,2023-01-20
1969,8ffcde15-2128-478e-a4c5-a7c74ec5aad7,43.0,Male,Port Charleston,High,2019-11-25
1970,fa4c97fc-4a9f-4857-969e-ea9528b2792e,57.0,Male,East Michaelchester,Unknown,2022-02-27
1971,389c7152-4e0d-46bb-9d72-d3382177b982,57.0,Female,North Graceport,Unknown,2021-02-09
1972,9c0749f2-1449-4541-8113-7b1696f50c6b,39.0,Female,Isabellaside,Unknown,2021-01-12
1973,2dc4607e-012f-42ce-bcbe-2508d828cf4c,32.0,Male,Josephside,High,2022-04-19
1974,7283885f-2f32-43e5-b089-97914aead7cb,54.0,Male,North Jennifer,Unknown,2022-12-04
1975,432b84c8-05c8-4609-b8f7-a0c298fb8f23,26.0,Female,Gregoryton,High,2021-07-14
1976,1fd6c9c2-d7e5-440a-bf43-3b0f9e9b608b,68.0,Female,South Angelafurt,High,2021-03-29
1977,63ee220c-19ae-4113-b45c-276b22b068e1,46.0,Male,Lake Traviston,High,2023-10-24
1978,b91543e2-f5b9-42f4-9d0e-3fb4706558c0,46.0,Male,Knappton,Low,2022-03-16
1979,d66159a9-4fbf-47c0-8e1f-e76049f29307,41.0,Male,Jeanettemouth,Unknown,2023-10-22
1980,b7d129bb-07a0-4c97-8f20-3bb55ab413ee,66.0,Female,North Collinfort,High,2020-03-25
1981,c8072a41-e366-4235-89eb-5d23b3cc5af8,55.0,Male,New Michelle,Medium,2023-01-06
1982,e2114d58-4f01-483d-84fe-cd9601cc8be9,21.0,Male,Lake Kimberlyport,Medium,2022-05-31
1983,9e85fb2e-f7af-4338-9b2e-0b900102405c,68.0,Female,Johntown,High,2022-06-19
1984,e9064093-cd0c-4797-9e90-d12bd96061c7,23.0,Male,Coffeymouth,Medium,2023-03-11
1985,fe2f07a4-61db-4cc4-9e3f-7d47dd44fc96,23.0,Male,Lake Darryl,High,2021-10-28
1986,c80e089a-942c-4503-8e07-5615713a7bc0,58.0,Male,Tammyhaven,Medium,2020-01-22
1987,fd3a126e-f442-4a57-a6f6-ea4bc6a41f65,62.0,Male,Callahanport,Low,2021-01-26
1988,4aab54a1-b555-48ec-9b0f-0e87abdcc45b,45.0,Female,South Tammybury,Unknown,2023-06-14
1989,b0180e7a-16e4-45bf-a417-0f2f5ca442bd,61.0,Male,Port Peter,High,2022-05-06
1990,8f913b3f-65fa-4fff-b402-bff340ad86c8,68.0,Male,Patriciafort,Low,2021-12-19
1991,d2b8f901-0471-4a3c-a47d-4c46706a4791,45.0,Female,Aguilarhaven,High,2021-11-18
1992,38dc55f7-1245-4348-9082-a08814888989,59.0,Female,Johnsonmouth,Low,2020-11-09
1993,3341229f-34c8-44d8-9800-6f383b9843ee,51.0,Female,Port Jamie,Unknown,2021-09-02
1994,bcc0e767-8943-4823-8f47-6f5d958039fb,25.0,Male,Port Anthonymouth,Medium,2021-11-08
1995,9039e86a-28e5-41e0-a907-5602c06daa71,22.0,Male,Port Matthewtown,High,2021-12-24
1996,76fec26a-efb0-4bd6-9ea7-7edcdd03d080,56.0,Female,South Christina,High,2021-04-26
1997,6b738cf4-0dab-4184-9198-e0d63e2091f0,29.0,Male,Gabrielleside,Medium,2021-10-14
1998,decfbb11-2324-4a91-b4a4-da3011046f88,23.0,Male,Port Amyfurt,Low,2021-06-19
1999,48c379ee-e82e-494c-ab4b-0d813a8b9884,64.0,Male,South Andrew,High,2021-12-22
2000,5ea0aa5d-040f-49a9-8d9c-d311f9c06e12,68.0,Male,Sydneyville,Unknown,2022-09-23
2001,04ebb683-0818-4b58-a724-8cd1c7114830,45.0,Male,North Sarahside,Medium,2022-01-11
2002,7e5e582c-3e2d-443e-a06a-05085c8b8759,30.0,Female,Lake Megan,High,2021-06-03
2003,251ad392-becd-4f54-bc87-545f64cdca65,45.0,Female,East Jesse,High,2022-08-25
2004,48beaec3-aa4c-408b-a03d-b8d321b5b153,46.0,Female,Lake Kristenmouth,High,2021-11-05
2005,c4197591-1c5e-4416-9a01-7d1882f2bc2c,66.0,Female,South Matthewchester,Low,2023-08-02
2006,c9c2a3f3-cd4f-4b17-ad7c-69fbccc2416e,21.0,Female,New Angelaburgh,Low,2022-12-15
2007,cffb22a5-2b85-47bb-9423-6802c77b22f1,43.0,Male,Ronaldland,Unknown,2021-10-25
2008,1662e025-dc0e-4ab0-8728-cb90e85bfdeb,18.0,Female,Rosarioside,Low,2024-04-11
2009,e8a661f3-0982-41a3-b9e0-71e265df25e7,68.0,Female,West Jimshire,Medium,2020-08-27
2010,0982222d-13bb-408a-8dc4-c5165f18947a,53.0,Female,Garciaside,Medium,2024-01-12
2011,a44b6ca5-c73e-4f7a-919c-617931e33a29,68.0,Male,North Brianberg,Medium,2023-12-03
2012,d1604f83-72bc-4c5a-b280-e213dfec9cb5,49.0,Female,Millerville,High,2022-06-03
2013,130ef83e-ce3d-4b3c-83cd-a2eebddb2289,45.0,Male,Oconnellmouth,Low,2023-03-09
2014,3e6a326a-f09b-47a2-8d24-3f69ac0a119c,45.0,Female,West Thomasbury,Medium,2022-09-14
2015,c3b73fa0-bb97-4c73-b0d5-fc74fcf62ab4,51.0,Female,Port Carlaview,High,2024-03-04
2016,420a3a2a-1ac8-46ed-9009-30c3a0e75a3b,23.0,Male,West Chelsea,Medium,2020-08-23
2017,eb8bb3ce-e182-4a9c-8084-c55c738815e1,51.0,Male,West Pamela,Medium,2022-12-13
2018,556e33c6-0318-4010-bd3a-3117496b47da,38.0,Male,Bennettburgh,Medium,2023-03-18
2019,a9ad90b8-f6ae-4284-9a95-6749d053e96e,56.0,Male,New Frederickfurt,Medium,2021-10-25
2020,448245da-3a0b-4f52-a40f-a25ca0a2fb6b,60.0,Female,Brewerhaven,Medium,2023-09-30
2021,51668fb4-bf4c-4030-8df0-ddc2263ec6ad,45.0,Male,Tanyaton,Medium,2021-08-23
2022,648e2751-83d9-4720-a2cc-2f7ab8db97da,19.0,Female,East Jacqueline,High,2024-03-22
2023,4c15fab5-9db0-45c1-84e1-ec0829328556,34.0,Male,Scottville,High,2023-09-22
2024,dc988ef2-c992-48e5-98e3-89ef31861f7a,50.0,Female,Kendraburgh,Medium,2023-08-26
2025,54a1bbb2-9523-41a7-b8b5-9acd08f46da4,59.0,Female,South Jasontown,Low,2023-07-18
2026,5713cca9-0ee4-45ef-a550-5edba478b94c,42.0,Female,East Martin,Low,2023-01-25
2027,b0099c65-5803-4c0e-9747-44f2ea1157cc,67.0,Male,Tranview,High,2022-03-17
2028,1f5c50db-9c55-4bbc-8a93-c7994a7bb3d3,61.0,Male,Matthewville,Medium,2021-08-08
2029,76f1f27d-869d-4a4c-9c90-0cfd08917e83,21.0,Female,South Sherryport,Low,2023-03-20
2030,92328a3e-fe43-4ab7-901e-098d1458da80,34.0,Female,Jaymouth,Low,2019-09-11
2031,79a5eedf-99cd-4151-9007-8d0904daf592,22.0,Male,Lake Ryanland,Low,2021-01-28
2032,9f4a20cc-7f33-4195-94db-fdb7a53c779f,62.0,Male,Adamshire,High,2023-11-01
2033,1637ae53-d076-41d6-a25c-005a89a42ab4,26.0,Male,East Gregory,Medium,2020-07-02
2034,5fb6b675-de91-4c50-ba5c-de0243f5003c,45.0,Female,East Stacyshire,Low,2020-10-03
2035,00c15eff-8bcf-4d12-a5d4-992e45e3309f,31.0,Male,Lovefurt,Low,2022-03-16
2036,e3d2d960-e591-4007-b0b4-2748a6ae0963,68.0,Male,West Jessicaview,Unknown,2020-01-22
2037,092e5d8c-8e9d-4b41-aefa-a6732816494a,66.0,Male,East Taylorborough,High,2023-08-21
2038,c7712686-3e9b-49d5-a673-e7d480d04ea8,29.0,Female,Teresaborough,High,2023-02-13
2039,efd0526d-18c7-43a8-8862-a0713bee8e4f,35.0,Female,Port Logan,High,2022-11-30
2040,933660db-c295-44b0-854f-5151a3732931,59.0,Male,West Adamstad,High,2022-10-14
2041,51d9300e-d607-4f32-bf87-5fa39e1ce18b,64.0,Female,Port Angela,Unknown,2021-02-08
2042,9678cff4-0e03-4b3e-a5c0-2a53fcab2afc,45.0,Male,Fernandezmouth,Medium,2020-11-10
2043,a3b96c20-01b8-45de-9498-3ef19433a68f,68.0,Female,Port Travisland,High,2022-06-16
2044,3971a489-00e0-4673-a9b5-7b411d729996,47.0,Female,North Elizabeth,Low,2021-09-24
2045,e8d8df85-ee06-4660-be18-4bd0047315ac,61.0,Female,North Nicoleport,High,2023-12-06
2046,6e820fd4-83e9-41c3-8c2a-4c39b93d9a22,47.0,Female,West Eric,Low,2020-02-01
2047,7b34c602-a5d2-4cea-ace0-a824300a7bf1,25.0,Female,East Paul,Medium,2023-08-10
2048,b2859f73-c572-4bb7-90d7-51e5cc6747eb,19.0,Male,North Zachary,Low,2023-03-19
2049,1d9db6f8-33f1-4b28-87a6-20504dd4ac20,39.0,Male,New Michaelton,Medium,2021-01-22
2050,ec7ffd31-3c39-4dd4-bdbe-3d1f74912be4,51.0,Male,South Annette,High,2019-10-18
2051,f5980550-b834-40f1-bef6-9341ca473d08,66.0,Male,New Ernestton,High,2022-05-20
2052,f2993ee7-a515-46ec-84c4-115ce0e6ac44,28.0,Male,West Rogerfurt,Unknown,2022-05-02
2053,881f6d0d-f2f8-4a42-b075-e4d6b9bab448,60.0,Male,East Benjaminview,Low,2023-11-10
2054,b209dd08-f3b3-471e-8616-467021121966,19.0,Female,Port Maureen,Low,2023-09-09
2055,4d20c2b1-2f8a-4066-902c-bd068c2adccc,34.0,Female,Jenniferburgh,High,2021-10-17
2056,35c92647-8109-4097-a6cd-ae3aca6b16ba,57.0,Female,West Harryland,Medium,2024-06-30
2057,032ef4a0-2b6c-4d2b-8d2d-aa832ac875f2,45.0,Male,Burnettville,Low,2020-12-24
2058,a931f75c-095b-4678-a3c0-77f48c60fdb0,56.0,Male,Strongborough,Medium,2022-10-15
2059,38f1470d-a41c-42c6-8e78-9e995692ab52,37.0,Male,Sandrachester,High,2022-06-09
2060,0c09188e-2df1-441d-b4f6-01b97f70972d,49.0,Female,Brownview,High,2019-07-07
2061,7f39b2ac-eeb9-4198-8950-4e561f743343,63.0,Female,Lake Karenborough,Medium,2023-10-03
2062,0b568a94-a069-4bde-b8a9-201fdf3ab299,43.0,Male,Marcushaven,Low,2020-09-30
2063,ee2d89cd-9813-42ba-bf28-fdad2462d31f,18.0,Male,West Kristenton,Medium,2022-02-13
2064,b3b31b3c-778e-4086-bda6-72c7bad8a9d6,60.0,Male,Travisland,Low,2021-10-01
2065,db10c135-1080-4fce-b653-d5a5fb572fa8,45.0,Male,Colonmouth,Unknown,2020-03-03
2066,d60227d4-2d7b-48dd-9d91-44365360dd82,20.0,Female,North Dawn,High,2022-12-03
2067,bb2d7d99-0a7e-495b-8c6a-6812a826e63a,41.0,Male,Lake Larry,Low,2021-11-20
2068,b6f0bcbc-ca5d-4981-a636-27355554fc85,35.0,Male,Robinburgh,Medium,2022-02-27
2069,d66cddf9-3b06-4583-8876-d9294f520f4b,63.0,Female,Deborahville,Medium,2022-11-06
2070,b7d10a25-8fd8-4841-a8dc-f353d530fdaa,32.0,Male,Wrightmouth,High,2023-08-15
2071,fe2ce21d-9252-4849-913c-22a3e0fe90eb,67.0,Male,South Sarah,Medium,2023-10-29
2072,dcaa94ed-6696-4caf-8d00-aca84e701e50,42.0,Female,Robbinsland,Low,2021-06-21
2073,839d63cb-15d2-4fe1-890c-9943028eb8aa,56.0,Female,Lisaton,High,2023-07-21
2074,96b637b6-adb9-4bd1-83fa-643d65056c8a,45.0,Female,New Roberto,Medium,2023-12-06
2075,0b78455d-7ecd-41c3-953b-4c883ce336f1,26.0,Male,Lake Crystal,Medium,2022-09-11
2076,1044f1f4-cce8-4bcb-9615-150b05a3cf5e,57.0,Male,Hallburgh,Medium,2020-02-10
2077,cbfff6f3-c193-4b56-a6ff-92bc84ad3789,46.0,Male,South Mike,High,2019-10-08
2078,23776c67-3ed1-45bb-a6db-4ee0fa6238c2,65.0,Female,Craigburgh,High,2022-09-07
2079,c71e53bd-d52e-43c7-853a-bde70ff3cf38,55.0,Female,Port Austin,High,2021-04-26
2080,710f0b73-da83-47ed-80a1-4a46a836eb67,57.0,Male,Port Mistyport,Low,2024-03-26
2081,15733149-4d66-49e1-8622-c25c99923852,64.0,Male,Ramseyhaven,Medium,2024-01-14
2082,83355281-fda3-4776-9f9d-a812243c3b56,31.0,Female,Ashleychester,Medium,2022-02-23
2083,01264132-b542-471e-ba65-038975091843,56.0,Male,South Rebecca,Medium,2023-10-30
2084,01bbd379-afb0-4ff4-8197-9dad2ef2fa94,58.0,Female,South Cathy,High,2022-05-14
2085,32948729-ea9c-4a4b-95b5-e1e840f8dfe6,58.0,Female,West Christopherborough,Low,2021-12-16
2086,25feddf4-42a5-47b9-8b95-ba74f0c0ea9b,18.0,Male,Lake Tina,Low,2024-03-28
2087,d1ce2eb4-0552-40d6-b473-73435099202b,49.0,Male,Brownport,Medium,2021-06-22
2088,86cd3c96-4331-4c00-902e-54a8f37a4db0,59.0,Female,New Nicolebury,Medium,2022-03-06
2089,f845b247-fa01-47ca-8e06-583f8f0334a1,52.0,Female,Gonzaleston,Medium,2021-11-16
2090,3d1c05ef-f343-4096-92a7-d06628c422d0,34.0,Female,Sparkston,High,2022-08-04
2091,acd248d6-abf4-45bb-b5b1-467fe01a7f48,56.0,Female,Ramireztown,Low,2021-04-13
2092,9fb429e5-f4f2-48a1-b70e-d96ecb93b72c,63.0,Female,Barneston,Medium,2024-02-25
2093,c8ed5272-be7a-4d76-a4cc-e70330c69ba0,60.0,Female,Shaneton,Unknown,2023-08-08
2094,c542f337-bd14-4d58-8ef4-e609830bf5c1,26.0,Female,North Eric,Medium,2024-02-27
2095,49f06ea9-4ae5-4ce5-98ce-d2c2f6f15cbd,42.0,Female,East Elizabeth,Low,2022-01-23
2096,b92224a4-fa0d-4e99-ab1a-9f76360a4e33,45.0,Female,Jacksonton,Medium,2019-07-01
2097,539d2dcf-07c7-45c1-82b9-76b5bd380e8e,20.0,Male,Blackwelltown,Low,2020-08-24
2098,91564ff4-c8f8-42b3-97d4-b9e15b97dc69,49.0,Male,New Brian,Low,2024-05-27
2099,59f8afe5-173b-4e52-b641-f98183f1a891,45.0,Female,New Alexis,High,2019-08-21
2100,9fd04f97-12cd-408c-8de3-7d5d7144055a,26.0,Female,New Jason,High,2022-06-04
2101,a0d6d267-5374-437e-9d14-2f781c3170c2,53.0,Male,South Carmenchester,Medium,2020-04-03
2102,310615dd-2cca-4907-8c33-69796d1b1d95,31.0,Male,Ericbury,Medium,2023-10-15
2103,3d921b43-7411-4048-a294-c1f40ff81a30,21.0,Female,Melindastad,High,2023-01-31
2104,ccbaf8a3-c12b-46ad-a994-dfbe60858b24,51.0,Male,Lake Jonathanport,Medium,2020-09-03
2105,ccf4d58b-5087-45c8-a8f8-bb99be9a13d1,62.0,Male,Andrewstad,Low,2024-03-10
2106,2cd16dfc-d7b0-47ec-9999-b018daea7f8d,45.0,Female,Lake Carloshaven,Medium,2024-05-02
2107,6506a08f-8725-46af-8aaa-1b3c5c913d84,30.0,Female,Cunninghamstad,Medium,2022-12-27
2108,21098ed8-fac6-4727-8f0c-953365b6c837,30.0,Female,Petertown,Medium,2020-03-09
2109,ca16b93d-2b74-4c49-b86d-0907438e3c2f,22.0,Female,East Terri,Unknown,2022-09-30
2110,72f4a693-7447-4200-aef8-bb13b0ba474e,67.0,Male,Villaburgh,Low,2024-04-22
2111,1afc1e60-be41-4f45-9ff1-73f28d0dbdc9,50.0,Male,Wesleyville,Low,2023-06-19
2112,711fde27-bf68-4832-9b43-00eb954b13b5,45.0,Female,Goodmanstad,Low,2022-09-20
2113,779e8498-ec27-4741-86f0-1f0d696c7ea8,40.0,Male,Kimberlychester,Low,2023-05-27
2114,97743282-a9dd-446c-95bd-ba8c44636348,19.0,Male,Wilkinsside,High,2023-09-10
2115,c655d6d2-58ed-4584-a015-4f280e2c192f,33.0,Female,Murphystad,High,2022-07-29
2116,8af27e3e-6225-43a1-b3b5-9a838531c97c,27.0,Female,Haydenberg,High,2023-07-29
2117,4cadaab7-2498-4c00-a5ae-bede8956bf86,57.0,Female,East Teresa,Low,2021-03-03
2118,56a1a6d5-3e94-4e3f-aa56-2d6c0dcad380,57.0,Male,North Ashley,High,2021-01-15
2119,40135fcf-ed9d-475b-a435-5b20b108e1f5,38.0,Male,Lake Charlotteville,Medium,2020-10-04
2120,5ab01e3f-1356-4a51-a50e-028992187cba,46.0,Female,Victoriahaven,Medium,2021-10-22
2121,ba41e3cf-0903-4454-9c39-2061a5b700f0,67.0,Female,Rachelborough,High,2022-02-16
2122,dfcf2951-0459-457f-911f-5ebce09c84bf,52.0,Female,Port Colin,Unknown,2024-03-06
2123,3992dc40-20ac-47a9-b735-ea72c8ae772b,68.0,Female,North Ernest,Medium,2023-07-02
2124,42557c76-96c9-4961-9b7b-3e1e8e7857da,18.0,Male,North Christopher,Medium,2022-05-12
2125,e1d35dea-3cdb-4d0a-b5c2-3084869420af,45.0,Male,Cameronchester,Unknown,2024-04-03
2126,5bd18674-64ae-4977-94c7-b70b61502530,46.0,Female,North Stacymouth,Medium,2024-01-12
2127,7364802f-db98-43cd-8efa-8695104b4b0d,49.0,Male,Lake Williamborough,Medium,2023-10-15
2128,2d88fec4-0e4e-40f5-963a-f5ba1af40c31,29.0,Female,Johnsonfurt,Unknown,2023-06-10
2129,c95f94a6-dd94-45ac-b3a8-41e2358c8658,45.0,Male,East Jacksonberg,High,2023-10-23
2130,ab583b9a-e111-4cd7-98e9-c0fb3091eb74,48.0,Female,Gibbsfurt,High,2020-01-08
2131,f8b81878-73cb-4468-9601-5242564e8bef,62.0,Male,Port Michelle,Low,2021-09-10
2132,ff6d25c2-baeb-46ab-8ce4-4c39bde83c5a,45.0,Male,Port Elizabeth,Medium,2024-05-15
2133,9c3452ca-e154-4d0b-b683-1aedf13c3cff,45.0,Male,Silvastad,Medium,2023-03-14
2134,636f22fc-4799-4fb0-8331-88b34e007c71,68.0,Female,Christineland,High,2019-09-07
2135,f56e56b7-bbde-455c-b570-61cd2005b4e4,54.0,Female,Popeside,Medium,2019-12-03
2136,bd90f5cb-05a7-40f4-acb1-eedf48b58ffa,31.0,Female,North Cassandra,Medium,2021-03-19
2137,02bdea9d-2119-461f-8824-227b984d62d8,65.0,Male,Bateston,Low,2023-08-12
2138,77280a9d-3fc9-4140-bc4e-b85cd5c7a8b1,64.0,Female,Jasonmouth,Medium,2020-05-12
2139,d2538ad3-f1b3-44ee-ae05-ad7f1dd4e2ed,60.0,Female,Timothyhaven,Low,2021-03-11
2140,b803eb0b-f143-44c2-b04e-547eb67c4a08,26.0,Female,Kaitlinburgh,Medium,2019-07-20
2141,2d1b4390-b57f-4b9f-87b9-c32f072a1166,23.0,Female,Ericburgh,Medium,2022-02-26
2142,02a9f067-33aa-4b23-ac8a-a3ca458ccf65,61.0,Male,New Peggyfort,High,2021-05-15
2143,62e3a7aa-cc76-4c4f-9e65-9aea8f238f22,65.0,Male,Jessicafort,Medium,2023-06-17
2144,429afb4b-99cc-4a38-8f43-9187a3e02ecc,61.0,Male,East Charles,Low,2022-06-10
2145,341dc9d7-59cc-4768-a795-a1e384e5da0f,22.0,Female,Lake Stevenmouth,High,2022-09-18
2146,e40b7ce6-997c-47ed-b2c3-1bb342cb3eb5,33.0,Male,North Stephanieland,Medium,2022-07-16
2147,808bfcb0-4e84-4357-8c71-5aca60952a06,18.0,Female,Williamsberg,Low,2020-07-22
2148,5ada20b3-7201-47cb-b845-5bb258f7d233,20.0,Female,Brittanyton,Unknown,2020-11-09
2149,54f75d68-a8d8-4790-b65b-8937fd8f561b,49.0,Female,New Christina,Low,2024-04-26
2150,f8573ea3-e775-4d36-8b8a-a4ba6a539eab,64.0,Male,Port Nicoleville,Medium,2021-08-01
2151,066f3633-6af2-42a0-9678-862f00b57b78,68.0,Female,Rachelville,High,2022-03-07
2152,99abe3ae-4c10-457b-b071-7edd0f122ecf,45.0,Male,Davidville,High,2021-08-05
2153,6a178ba8-e3a4-4458-8f8e-8e47314d1af2,45.0,Female,East Christopher,Low,2023-04-30
2154,443b1911-42b7-421d-9e51-4e885e50ab0a,67.0,Male,Adamshire,Medium,2022-10-06
2155,4dd67ee0-394f-40d4-b3b1-414b7aa575d4,30.0,Male,Lynchport,High,2023-03-13
2156,71ebc48b-3b38-41a6-8cee-0472e1fab9d4,64.0,Female,North Mike,Medium,2022-06-27
2157,451f473d-4ebe-4919-9e21-4fd1b45d65be,51.0,Female,Leslietown,High,2024-04-22
2158,4e977c14-9392-44e2-90ca-ae4216ef778f,45.0,Male,Lake Christinefurt,Low,2023-11-20
2159,0ad25f2c-6c04-4af7-8672-475375387a4d,62.0,Male,Lake Victoriaside,Medium,2023-06-21
2160,1efd2bbb-8e56-40c4-a829-f64a1a08e7f4,47.0,Female,Jonbury,Low,2024-05-21
2161,23b9cd7f-aacb-46b4-b69c-72800cba3f39,62.0,Female,Lake Heathermouth,Medium,2021-08-08
2162,4a8ebbc3-f442-46ee-ae83-476b6767802c,59.0,Male,Paulside,High,2022-08-03
2163,6db65a3a-70f8-469b-9583-f804b7c5b0c3,28.0,Male,East Timothy,Medium,2020-03-03
2164,e7788785-ad3d-4856-b74b-ede4c5d7a407,65.0,Male,South Destinyville,High,2020-12-10
2165,e580ec3b-fcbc-40d8-9af7-5e0a110d1cb7,61.0,Female,West Rhonda,Low,2021-06-19
2166,bcdfeb3f-35d1-42e3-b630-602a9fee5214,20.0,Female,New Lorettatown,Low,2019-10-27
2167,9190bec9-2cbb-4b52-b9e0-263afc6bc0b8,50.0,Male,Geraldside,High,2020-05-10
2168,2541e488-4232-417e-9032-a9e35370e602,43.0,Female,East Rachelton,High,2023-11-26
2169,219e545b-8798-45f1-baaf-bc93c690f3d1,59.0,Male,North Christophermouth,High,2023-11-11
2170,e227d514-7382-422e-adf1-fbf694f7c0d5,32.0,Female,Jennyborough,Medium,2022-03-08
2171,2b107ca8-df3c-4676-9974-e9c486f7763e,56.0,Female,North David,Medium,2022-10-24
2172,1baf8a9a-bfe2-45eb-86f4-9fed7c31f201,68.0,Female,Thorntonfort,Low,2019-08-12
2173,9d437043-e503-4d1d-b1e6-1e66d3457008,48.0,Male,Joshuashire,High,2019-11-23
2174,4f1d7108-1020-4ed3-99ce-cbf717ad9132,60.0,Male,Trujilloberg,High,2024-02-06
2175,e12639d6-eeae-4436-a618-8e4b37aa16ac,66.0,Male,Kevinside,Low,2021-12-31
2176,8f6a81be-9729-49b5-bc93-4ab9d3c5f6b3,22.0,Male,East Brittany,Medium,2020-11-29
2177,21d65157-1b88-4ac7-a89a-4b938f2eaf97,59.0,Female,New Timothyborough,High,2021-10-31
2178,2c7c61c3-3657-463a-aab2-a2d355e884f8,50.0,Male,South Sarah,High,2023-10-30
2179,ce2ece8f-91c3-420a-9d80-8b1f5051dc77,40.0,Female,Mccoyville,High,2023-01-24
2180,35340a85-a4c1-42fe-b168-1b91548b50b6,45.0,Male,North Edwin,High,2020-02-26
2181,745395fe-f653-42ba-81b9-cf0ac6a60650,45.0,Female,Torreschester,Medium,2024-02-03
2182,dad5383c-36f9-4dd6-8a63-a3466a8ca819,68.0,Female,Shorttown,Medium,2022-04-09
2183,86cfcf4a-7f33-4bf6-aee3-4a2a12ac76c0,29.0,Male,North Michael,Medium,2021-01-11
2184,e9585200-2644-4aa8-9e90-ec9b6281ef1c,18.0,Male,Tuckermouth,Medium,2021-04-18
2185,f27068a5-23e2-4afe-8cd5-f02f3acb4263,38.0,Female,North Ruthport,High,2021-08-25
2186,e87d8e1d-5990-4b4c-8654-800f005d3b5a,52.0,Female,Waltersshire,High,2020-02-14
2187,8ef6a6a9-a258-4948-ac08-e9c96ddf947b,68.0,Female,South Donnaview,Low,2022-10-31
2188,9c8af065-3c47-4a01-88e4-01cfeffe983d,66.0,Male,New Matthewmouth,High,2019-10-27
2189,e5717485-07a9-4b9c-8a87-05dc56e94f9c,58.0,Male,Blanchardborough,High,2023-02-08
2190,f48f4ea8-77e4-49bb-b32b-216e6c278c07,35.0,Female,Shirleyfurt,Medium,2023-10-13
2191,9b756f15-797c-4adf-b0cc-25d501a7e4fb,18.0,Female,Edwardsshire,Unknown,2019-11-19
2192,9ee03f41-3a02-40a6-ba54-d94f4b3122af,47.0,Female,Thomasbury,Medium,2024-04-30
2193,78959de9-ab6b-4b1f-9eba-2bc0514fe606,26.0,Female,Lewismouth,Low,2020-07-20
2194,4bade271-e2de-48e1-9207-006875a7f23f,26.0,Male,East Douglasside,High,2024-02-26
2195,1953ef33-fafe-4964-bba1-639f45cff748,56.0,Female,East Marktown,Low,2024-05-08
2196,2f4b0e43-8c15-4ac9-ab73-085dbde5dc4f,45.0,Female,West Heather,High,2021-03-03
2197,3d1d35c9-b974-4023-b619-51c4745deddb,66.0,Male,Walkerton,Medium,2022-01-27
2198,bf5570d2-e655-4cf6-a889-cd3deb01b150,65.0,Female,Johnsonville,Medium,2021-12-19
2199,71d71a33-628b-4ec1-a3ed-84a3853e3cc5,68.0,Male,Perezfort,High,2022-07-10
2200,e76d99b7-f95c-416f-8d4e-5fe436a6414c,64.0,Female,South Angelaburgh,Medium,2020-05-01
2201,64ddd43e-3235-4c30-a6f2-ee0ec01295f8,63.0,Male,Port Marktown,Medium,2021-09-16
2202,7e3256b2-49d1-419e-a30c-8504f446e64e,54.0,Female,Port Jesusborough,High,2021-02-16
2203,1542b18a-2c55-461f-ac68-bde74f09dd06,45.0,Female,West Matthew,Medium,2022-09-04
2204,f0b50780-920a-4030-b0ef-b9789bb689d3,45.0,Female,Javierside,Unknown,2020-11-03
2205,af603c89-aa51-419e-81ec-7dda033219f3,37.0,Female,Troychester,Low,2020-11-10
2206,e8de7d84-5ca6-40a2-8b3f-27cda500b8d9,36.0,Female,Dianahaven,High,2020-04-17
2207,ee7337b7-f143-4834-b468-9b8f29f12a13,45.0,Female,Lake Jessicaville,Low,2022-12-04
2208,aabb967f-0fac-406a-b5c5-ffb0480b80c5,43.0,Female,Newmanborough,High,2021-06-14
2209,850477f1-54e9-42b2-aa69-329bdb1198a0,27.0,Male,Daleside,High,2020-11-28
2210,f98e8c9e-20c4-4410-b99b-f3ae2938e950,68.0,Male,Morrisonberg,High,2024-03-23
2211,3d8f2b47-49b7-4ece-bcd9-614437744907,68.0,Female,Reedshire,High,2021-10-02
2212,d18cda69-56ba-45a8-b3fe-ff52f040377a,63.0,Male,North Katherine,Low,2021-10-22
2213,d8f8ec8a-1803-494d-8fba-1b7e936abf77,45.0,Female,East Moniquetown,Low,2024-02-14
2214,6a790a51-5a2e-4f30-b375-00b5ced20d6f,46.0,Female,Jeffreyburgh,Low,2021-09-14
2215,87861eda-cd76-417d-9519-b5a9d412457e,43.0,Female,Muellerborough,Unknown,2021-12-03
2216,d9c7e8c8-bce5-4e67-a361-5397aa25ae4d,45.0,Female,South Jessicaland,Low,2024-01-24
2217,f545e364-ba9c-49db-8eda-253569dbf0b7,49.0,Female,Lake Renee,Low,2021-12-19
2218,8c2a2375-c037-44b5-8ede-a75321dfdd0a,19.0,Male,Fieldston,Low,2023-04-16
2219,681e49cc-3cf1-4eff-8139-5926f7e9ec8b,45.0,Female,North Carmen,Unknown,2021-06-30
2220,46e97136-3a44-4567-a58c-a434c0b3821f,58.0,Female,Marcusland,Low,2019-09-08
2221,d2cb1c6b-e8e4-43da-851e-0629ff5bd2f1,19.0,Male,Jenningston,Low,2022-03-11
2222,9f1b18f0-4604-48f0-a446-9aae406bb584,57.0,Male,Cameronside,Low,2021-12-20
2223,1e502d97-1e15-4ea4-a2e2-8e84f89f3e05,20.0,Male,North Margaret,High,2021-10-29
2224,343ef45e-c257-47f1-bbd2-5683734d2fcd,61.0,Female,Port Sandraside,Medium,2023-09-10
2225,234b9754-ca0d-43ea-93fc-fd65b2be91da,52.0,Male,Jeremyport,Low,2023-05-27
2226,5e884669-a6cd-476e-ab13-16c86afaa534,34.0,Female,East Jason,High,2021-02-16
2227,f363c9f4-3b7e-4809-a21c-1d676dc12cc5,48.0,Male,Joshuaton,Low,2020-08-26
2228,70c48d78-7384-4aae-988f-d59f6de6fb14,30.0,Female,Lake Jamesland,Low,2024-02-02
2229,47b7bf11-6a78-4e79-b284-a6b8b6cf732a,39.0,Male,Port Gary,High,2019-12-22
2230,af7e73a2-6c53-4483-aaba-8b6c9074e1ea,45.0,Male,Steventon,Low,2020-01-12
2231,1a132210-8646-4516-b340-f5339ab0064b,34.0,Male,Harperhaven,High,2022-09-04
2232,b8749ac7-628a-4fc6-81f4-8fd885fcca3c,26.0,Female,Trevorview,Low,2024-01-09
2233,974c6b6b-56b3-4187-b2a1-84878f891677,55.0,Male,New Adamland,Medium,2023-12-17
2234,b10dbfea-ac81-4cdf-be3c-62248bbd5838,68.0,Male,Lake Joel,High,2021-12-14
2235,fabacef8-5d27-4028-bec6-ab116a3219ae,45.0,Female,East Michelle,High,2024-04-24
2236,251a9b00-932d-4e57-adac-d1be9b1ceb46,25.0,Male,East Paulburgh,Low,2021-02-02
2237,2c3bc4d2-a318-4044-b773-6207486bcc72,20.0,Male,East Sheila,Low,2020-01-30
2238,08878712-67d0-4938-a4e2-a2d06ce793ae,43.0,Female,South Deborah,Low,2021-02-14
2239,d2f2a30a-dc1d-40ba-aca3-8fe7615f7b01,45.0,Male,Brandifurt,High,2024-01-22
2240,446c2002-0e68-4461-b7ff-9fc9f7bafa98,55.0,Female,Birdstad,Medium,2020-01-21
2241,696ce056-c101-4cd0-b18c-b36573530ce9,45.0,Female,Ethanside,Low,2019-08-09
2242,9f9f72a5-0ec8-4847-ab9c-d7694d86f53a,45.0,Female,Jeffreyville,High,2022-10-31
2243,4924293b-cc71-4bbd-bfe1-d291ae35c5b1,48.0,Female,Port Michael,Low,2024-03-24
2244,ba78abe5-c514-46ca-8feb-95426be7f8a3,36.0,Male,East Joshuachester,Low,2020-05-18
2245,00a9563c-fec7-4b5d-87a2-d59406006a29,45.0,Female,South Danielleberg,Medium,2019-09-27
2246,e7fbdcd7-aac5-4a3c-abeb-672f410dfc99,60.0,Male,East Christophermouth,High,2019-10-28
2247,67619ae7-5006-4efb-985d-fc76d2bde842,30.0,Male,Port Alanshire,Medium,2019-11-25
2248,c849d8b0-2b3a-414b-842f-3f4c8bd24004,45.0,Male,South Sarahberg,Medium,2024-05-02
2249,5ebdbaf2-bc96-47b8-beb7-20ff4c0497c3,40.0,Female,Lake Justintown,Low,2023-07-04
2250,e2df0721-50dd-4f08-8f6b-ab18a0c51b85,29.0,Female,Port Linda,Unknown,2022-06-15
2251,787e95bc-3a62-4528-8ab3-58d4f56b8ac2,60.0,Male,East Shaunton,Medium,2023-08-04
2252,2bde4c68-1f79-42cf-879c-a2b1a42f87ed,39.0,Male,Lake Melissa,Medium,2020-01-21
2253,9c1d138d-5310-4088-baf5-d4204ff46bf8,65.0,Male,North Dianaside,Unknown,2022-11-05
2254,4a5db138-8b0c-45dd-b686-0f90edd42c3d,48.0,Male,Wagnerborough,Unknown,2023-12-26
2255,3059a890-f9e7-4973-8f4f-be7e1d8d0634,22.0,Male,Port Timothyville,Medium,2021-05-21
2256,a1487b99-07e2-4e06-b590-64d85a00c9c3,59.0,Female,Martinmouth,Unknown,2019-11-30
2257,ea7308c9-73f0-4539-8139-b12ecad3575d,54.0,Female,Alexanderborough,Low,2022-10-11
2258,61566b24-0de9-47bd-aadd-0650b9646191,35.0,Male,Hernandezshire,Low,2019-09-04
2259,22edbbf4-1eb5-4809-bf75-96d82a60bfb7,45.0,Female,Cherylfort,Unknown,2024-06-28
2260,852cad8e-ef1b-4ed3-9221-4b31bef6af6d,39.0,Female,West Susan,Low,2023-08-19
2261,371788e8-cf8a-4694-84c9-2d34da4d6f8a,56.0,Male,Lake Jessicaport,High,2023-01-10
2262,d47219d5-2c28-4f3f-8da9-f9608c45b80f,22.0,Female,Lake Sarah,High,2020-07-24
2263,e7d625b7-a986-40b5-a265-bd21939d70ae,49.0,Female,Gonzalezmouth,Low,2023-05-27
2264,3a77bb3c-9134-4ae2-9c40-4776506d00bf,37.0,Female,West Paula,Low,2022-01-02
2265,c841248d-fa26-4b84-8f1b-3e0dc961cb5e,57.0,Male,Port Joannafort,Low,2020-08-28
2266,feec3360-e51d-4b60-b4f3-9435228b8cfc,45.0,Female,Port Charlesland,Unknown,2020-07-19
2267,41a70349-bf97-44b7-8d7e-f71d8ba581ef,57.0,Male,Keithton,Low,2024-03-14
2268,a915dadf-9cb8-4a3a-b913-01130aaceb04,61.0,Male,East Michelle,High,2021-11-02
2269,cf50d018-07b4-4e98-89ac-090099a0fedd,57.0,Male,East Lynn,Low,2020-08-10
2270,dff72d74-6b17-4e1e-a904-6b8823b94a06,41.0,Male,East Ryan,High,2021-04-14
2271,712b4161-ec32-49a0-b09a-54cbe3e12b0f,26.0,Male,Trevorbury,High,2023-08-09
2272,8240be7d-ef8a-4f51-a5d1-1389e6aa43f2,35.0,Male,Lake Kathymouth,High,2019-11-23
2273,f3fa82c6-4086-4756-96f8-eff3ea337f59,25.0,Male,Lake Grace,Low,2020-08-09
2274,a09b0309-43b7-4f6f-b705-93b92fcabf84,61.0,Male,Berrymouth,High,2023-01-28
2275,506d313d-3e4e-4d80-8761-3b375852ffef,45.0,Male,Port Vanessaburgh,Medium,2022-05-10
2276,5358a222-28b7-4c26-8d76-b9954e44079c,39.0,Female,Markland,Medium,2019-08-08
2277,140b9269-0f39-4564-b040-d1ecfc5ebd7e,35.0,Male,East Ryanville,High,2022-01-08
2278,13a4c3f7-8549-4b13-afe0-486f14f86ea4,27.0,Male,Kimberlyview,High,2023-06-15
2279,812dde02-d36b-4bfe-ac08-d5323d810ac0,21.0,Female,Kevinchester,High,2022-08-11
2280,9047570a-6d08-4ff0-8e07-9009d87ac90b,30.0,Female,West Michellebury,Medium,2020-06-21
2281,f315c602-fb32-40d2-a538-277d561bf342,45.0,Female,Millerport,Low,2022-11-24
2282,7c8fb7af-ccb3-44ea-b6d7-b1f2dfecf6b5,62.0,Male,Reginastad,Unknown,2020-08-28
2283,9f1fe17d-17fa-4287-88de-d3f65196023c,68.0,Male,North Cody,Low,2021-02-03
2284,5056dd25-7171-4f6a-b727-36659bbc5e15,68.0,Male,Baileybury,Medium,2024-05-06
2285,18b3ff1d-ad70-4064-8d66-743289d65204,37.0,Male,South Alyssa,Unknown,2022-01-23
2286,e6f4ae74-d58d-4770-8ebc-89c1f8778a6d,37.0,Male,Lake Joanville,Medium,2023-02-02
2287,0cd3b70a-d36f-4a0d-bdef-8d689345b33b,40.0,Female,Lake Brendamouth,Low,2023-01-01
2288,54c10762-4c2c-4b9a-a602-d0069520ab2b,43.0,Female,New Megan,Medium,2022-12-14
2289,772896ae-d11f-4bbe-8cca-3e3043b390e6,65.0,Female,North Josephville,Medium,2023-02-05
2290,752b75e6-82bf-4f8d-9e9f-a46ebf4e7e03,61.0,Male,South Georgemouth,High,2021-07-24
2291,8cb06e6c-448e-4b35-9c84-bdcb15b262cf,45.0,Male,Lopezbury,Low,2019-10-29
2292,b3dd869a-9eb6-4625-bb69-f43588ca38ab,32.0,Male,Vasquezhaven,Medium,2020-04-24
2293,f68d8862-40a5-4ebf-99a7-a799c2f2ced0,56.0,Female,Chadmouth,High,2021-07-07
2294,9801b85b-036d-4425-891d-d45551a571d5,45.0,Female,North Robert,Medium,2023-07-01
2295,7d8bdf76-88ca-4cab-9eeb-83b7772a9594,45.0,Male,Jasonview,High,2022-02-11
2296,dd09042b-458c-41d9-89cd-e04ee3986416,45.0,Male,Myerstown,Low,2022-02-24
2297,bb798529-5f0e-4731-8377-244690335f1a,56.0,Male,New James,Medium,2022-11-08
2298,9ccd2f9d-6d29-4861-b76c-22ef1d53fc26,45.0,Female,East Bruce,Medium,2019-07-02
2299,915f1138-1700-4b8b-842d-91d7ec4781af,34.0,Male,Millerton,Low,2020-03-06
2300,c3e262b9-366d-4f16-b14a-575f46bd182d,57.0,Female,Port Paulatown,High,2023-05-09
2301,c62139ab-d7e5-43a3-9fae-ec29c0d5ae47,21.0,Male,Garyburgh,Low,2020-08-18
2302,c288b8e0-209a-408b-8135-28f8e81b053b,20.0,Female,Fletcherburgh,Medium,2023-12-02
2303,80a0ca0b-e478-46fe-b45d-fd286623787f,45.0,Female,Lake Victoria,Low,2022-04-17
2304,f8146100-569d-4cda-9d64-88c6ad98de5f,21.0,Female,South Davidtown,Medium,2021-08-29
2305,6cd8702b-522a-4a0b-beaa-26356515285b,18.0,Female,West Erikaland,Medium,2021-02-02
2306,5498ee78-636b-485c-a3eb-af9bd4de4549,62.0,Female,South Philip,Medium,2022-08-24
2307,1e30c651-0b58-4e94-af1b-91f790c46422,58.0,Female,East Edwardborough,High,2024-03-29
2308,c53ec9f0-64b5-4425-bbb0-3eea90241a18,45.0,Male,Paulton,Medium,2021-01-06
2309,5614c306-00fb-423e-8212-22c474c891b6,57.0,Male,North Robert,Medium,2024-04-04
2310,e589e6d4-bed7-4af0-9968-5a079fc22ce3,45.0,Female,Parkerton,Unknown,2024-02-09
2311,c8a01b2a-9609-45a7-8f50-fa49f6ba25c5,21.0,Male,Angelaside,Low,2023-05-25
2312,51146712-d132-40f2-aafe-e7483ba0c0a1,41.0,Male,Tannerton,Low,2022-10-05
2313,f2ae3811-9b1b-42b0-be42-d8b5468ec073,36.0,Female,Yolandamouth,High,2022-12-15
2314,832fe90b-db19-4a42-aee0-c3feb0f2cc64,53.0,Male,Traviston,Low,2019-11-19
2315,51198c52-6a0e-4677-ac11-37f1868acaab,18.0,Male,South Samanthaland,High,2022-07-06
2316,3374b7c6-b390-48a9-bc1a-fd4aaacca0df,68.0,Female,New Stacey,High,2019-12-03
2317,0779c97d-f4e4-4774-b1a5-deff552434a3,42.0,Female,Smithberg,Medium,2020-12-24
2318,a1c13177-cc65-4fcd-adc3-db3047ed4611,28.0,Male,Brownburgh,Medium,2023-05-14
2319,740d0a3a-23f3-4417-9357-f4f26a4c9a62,18.0,Female,Lake Andreaton,Medium,2023-03-11
2320,c4dc94e9-3c8b-4dc4-b38b-7eb3c9aa9f00,31.0,Female,South Craigstad,High,2019-07-25
2321,0ef84cc6-0b4c-4c56-bdaa-d6b725ccc08e,40.0,Male,Lisaside,Medium,2022-07-23
2322,d9ebf03c-6e01-4a50-9db9-58681d604dc0,61.0,Female,Maddoxfort,Medium,2024-01-23
2323,b758c23f-d8b8-4baa-b8ed-f122f14181f8,63.0,Female,South Danielberg,Medium,2021-07-16
2324,cf5e534b-1b96-4260-86f5-3bdfa7333ff0,26.0,Male,South Anitatown,Medium,2020-05-28
2325,a5537b15-92da-427b-bfa6-287f24e8c371,45.0,Male,Lake Ricky,High,2022-06-02
2326,2da577c9-6b4b-4fd9-aa86-e333ee14c02b,64.0,Male,Millsberg,Medium,2024-03-12
2327,e1dabc47-5b6e-4e64-ae9d-b3e092a066ed,52.0,Female,Sandratown,High,2022-11-28
2328,2bab13d7-b642-4ac3-88ba-1c026fce0836,57.0,Female,East Julieberg,High,2020-12-09
2329,ffe9a403-ac25-4aad-a809-ac9687ff3fcd,45.0,Male,Wattsburgh,High,2022-07-12
2330,634b25ce-d205-4a1e-b277-b70efc033fc6,48.0,Female,Port Patricia,Medium,2022-07-24
2331,4657dc86-a2ed-469b-b3f8-44bb3d08ab9c,38.0,Male,Lake Kaitlin,High,2020-09-28
2332,faebacd0-39ee-4626-bfa5-f6059c95e244,25.0,Male,Stephanieport,Medium,2022-07-21
2333,f2f29694-e761-4b3d-a260-89c19d8ed831,31.0,Male,Lorimouth,High,2024-03-25
2334,892d4069-6d8d-492f-b5f9-cfc329ee9e78,31.0,Female,Arroyohaven,Medium,2023-01-10
2335,49f6055e-b29f-4172-aedb-4b03255f313f,41.0,Male,Rodgerschester,Low,2023-03-16
2336,498daaca-dd10-4fa0-8dd7-357f8543590c,32.0,Male,Port Taraborough,High,2022-12-12
2337,059e4737-de23-4d2f-a6ca-0b178977ca2e,54.0,Female,Port Jamesburgh,Low,2021-06-21
2338,fe652a6b-df5d-4a14-99e1-3d1bc3d4aba9,45.0,Male,North Angela,High,2023-09-01
2339,7544489f-ec7e-48af-bec6-b6eab94a6e5c,64.0,Male,South Jared,High,2024-03-02
2340,1b67cc0b-6aec-4daa-bccc-a5961df1d6e2,65.0,Male,Mooreport,Medium,2021-06-18
2341,c6747843-6a62-45f4-9cc6-c9cd85a67a81,52.0,Female,Jamesview,Unknown,2022-01-07
2342,39333cba-4f7a-4527-8b1d-5a22e4107a22,59.0,Female,Stevensville,Unknown,2022-02-27
2343,c36a8651-28b5-4f27-afd4-6489f5e0eeb3,32.0,Male,Carolynhaven,High,2020-09-05
2344,fd0f15b3-44e0-4a2c-8e7f-16887ae8c8d2,62.0,Male,Millerstad,Medium,2020-08-15
2345,d3493edf-9847-46ef-b400-7063b54bcf63,28.0,Male,Jasminefort,Low,2019-07-07
2346,0ece51e3-e19f-4a06-8f1a-43d7a4e4cbe9,41.0,Female,Allenfort,Medium,2023-09-04
2347,4eed01a0-3f24-46c8-b919-432410150ff6,58.0,Female,Brianville,High,2022-02-24
2348,a3c0fe03-4de6-4e05-becb-c67e93e2b97f,36.0,Male,East Jonathanfort,Low,2019-10-15
2349,b449a41c-c911-4d86-8125-5d2aca600289,62.0,Female,Rayview,High,2023-11-12
2350,3daeb50a-a388-44a7-8aa8-0cde8a0c1947,39.0,Male,West Trevor,Low,2022-11-24
2351,7c3af602-49dc-4416-b471-cb86cb8a378b,47.0,Female,Port Brittany,Medium,2022-10-13
2352,4db786fb-341d-4ed2-b5d3-0e0b5f6dff9f,34.0,Female,Lake Laura,Low,2023-10-22
2353,56a5cf77-1afc-4911-8259-9293710ca596,19.0,Male,North Maria,Medium,2019-09-04
2354,6e3e8eb8-bc0f-4ffe-9f74-5d5efec9502f,41.0,Female,Nicoleview,Medium,2021-11-15
2355,4338400b-c370-4f98-a00b-3d917bb4f3f5,38.0,Male,Adamshire,Medium,2020-08-31
2356,29b6f958-4c5f-4a07-86b0-8c7b927597da,40.0,Female,Pierceport,Low,2023-07-13
2357,698e4937-e831-4bc0-bf5a-404534f76169,51.0,Male,South William,Unknown,2022-12-31
2358,049ce878-f770-49a9-8e4d-24bc86fc2817,24.0,Female,Kimberlychester,Medium,2022-08-15
2359,bc888183-8dfd-45d0-9bc2-d8584e9b8064,37.0,Male,Sarahmouth,Low,2023-10-19
2360,0ede97d1-bb46-452d-893e-b63f37da4fa8,45.0,Female,North Christinaport,High,2021-10-16
2361,02993d34-97b0-4501-bfd7-038d2fa8d2e5,32.0,Male,Brendafort,Low,2023-10-04
2362,577fcc56-95dc-443a-9289-d12614f5cea3,20.0,Male,New Andrew,Low,2023-03-28
2363,a808b2b2-0be4-423b-abec-24068d450f73,61.0,Male,Fisherstad,High,2023-02-08
2364,c410146e-227c-4623-a9b6-9faf5c7e8147,31.0,Male,South Jenniferberg,Unknown,2019-09-14
2365,99299ec1-ba07-442f-b7c9-7b3ec509584d,28.0,Female,New Debrashire,Unknown,2022-04-05
2366,de1c2a79-7a56-4c28-aa2c-bb92b255b031,62.0,Female,South Robertport,Medium,2022-12-20
2367,f0d87968-72cf-4817-b871-c8812a52c570,47.0,Female,Natalietown,Unknown,2022-10-20
2368,d496fffa-8183-4bae-ab8d-eb4578a11a6a,18.0,Female,Stevenhaven,Low,2023-09-25
2369,a109f23f-12f0-42f8-a5b0-8b34189ddb98,40.0,Male,Alexisberg,Medium,2023-05-07
2370,0d27c7ac-346c-454f-b37d-75fddef246ad,43.0,Male,Webbfurt,Medium,2024-01-12
2371,b016e127-2f32-4151-8aa5-ca74552d34ba,26.0,Female,Port Mary,Low,2022-06-06
2372,09b36d20-6a6c-4193-be8e-ab31ad7d0e84,45.0,Female,Watkinsberg,Unknown,2021-02-26
2373,ed668d4d-f166-4051-9ecb-45416d0827c6,37.0,Female,West Nancyfort,Medium,2023-09-27
2374,d03df71d-b02e-4c1e-a2cc-79ebb353b530,60.0,Male,Jameston,High,2023-07-20
2375,7a7ebefe-7936-4e6f-9cf2-6e80c7d2d849,28.0,Male,West Nicole,Low,2022-09-13
2376,6173ff2c-0c50-456b-b629-0453a1eedb37,45.0,Male,Huynhport,High,2023-01-01
2377,ac2455bb-ed17-4eb7-a0b3-befbfbcd1e95,45.0,Female,Bairdmouth,Medium,2022-10-08
2378,e0e7fa30-922d-4ca1-9468-436799db36fd,68.0,Female,Gregoryport,Low,2022-07-09
2379,0835b6e3-f10e-4a8d-8d11-e64445faed2f,34.0,Male,Jessicachester,Low,2019-07-24
2380,dad30372-5fe9-40fb-a895-b85af25c2f3c,53.0,Female,North Davidfort,Low,2021-09-06
2381,03d020b3-45b7-4afb-ac37-223524d2e652,45.0,Female,Kingbury,Medium,2024-03-21
2382,484eea6e-2367-42bd-9c83-b3c3783b4bd7,66.0,Male,Estestown,Medium,2022-12-20
2383,e2fa338d-8332-4ab3-a739-da2eba2f70a0,18.0,Male,East Latashaside,High,2024-03-22
2384,a71f910e-a780-4535-8a7a-e58f5ec0d660,49.0,Male,Port Rachel,High,2020-07-11
2385,080ff643-1def-4438-ad98-62cff0ce5b53,68.0,Male,West Rebeccastad,Medium,2020-09-20
2386,e73230b9-9b46-491f-b5cb-cedd5f1b7c7a,35.0,Female,Ashleyview,Medium,2020-12-28
2387,a30b5c34-8a68-4d85-bc60-bf4d3885b983,45.0,Female,Crossberg,High,2020-04-15
2388,257413b6-9a31-4572-a119-64d4fb014017,50.0,Male,Jenniferchester,Low,2022-02-23
2389,64b89b9e-1cf4-4b42-add8-94b7ec861f1a,66.0,Female,Mistyborough,High,2019-07-05
2390,3a37d39f-9c74-4ca1-987c-5ac5269b13a3,42.0,Female,East Vanessa,Medium,2020-04-12
2391,b05ce7b6-2285-4728-8601-6d75030a902f,43.0,Female,West Alejandroburgh,Unknown,2023-04-06
2392,ebccb59b-1792-4a64-a43e-ac942685ec77,53.0,Female,West Gabrielle,Low,2022-11-04
2393,f9cb178a-b717-4782-91ce-20564e98ee81,23.0,Female,Glendaberg,Medium,2023-03-19
2394,6839b030-9abe-4bef-acf2-40fd28bef037,33.0,Male,Medinafurt,Low,2023-05-15
2395,b86a502f-f1c9-4fdb-835e-c38a3471cdd8,55.0,Female,Carmenshire,High,2023-03-19
2396,f3cd4833-2966-435b-b091-8de00e4bbb1b,45.0,Female,Newtonton,Low,2023-05-24
2397,0f1eca8b-186d-45c6-8d42-460958fe4fd0,48.0,Male,Gomezchester,High,2021-04-25
2398,d0a25859-306b-4fe5-9a19-f150ce43fa2b,45.0,Female,Port Alan,High,2024-04-03
2399,7c78fc31-c578-47d8-a240-32790a5829ce,55.0,Female,Kellyville,High,2020-07-01
2400,694564e4-e52a-41bc-b076-53100fb5b3cd,45.0,Male,West Erica,High,2024-06-09
2401,108b24fe-ab06-4eba-b13a-dc2c521b76af,23.0,Male,Dawnport,Medium,2021-06-12
2402,b836eea2-4914-429c-af83-8f51b24a8a5b,28.0,Male,Port Darrell,Low,2020-11-08
2403,015006df-480b-4c0d-9a6a-550691817c48,31.0,Female,Vanessaville,High,2021-08-07
2404,962f1fa4-cd1c-49c4-a5ad-a9a1d9d5ddf4,38.0,Female,East George,Unknown,2024-02-22
2405,353fc984-29a9-4f77-bcbd-fe14b9c1d1dc,38.0,Female,Port Danielland,Medium,2023-06-21
2406,9b25a2c1-514e-425f-be87-a57533d5503e,19.0,Male,South Heather,High,2021-01-06
2407,094ee9c9-a553-4e24-b3a0-643ceff051fd,29.0,Female,New Karenland,Low,2021-05-30
2408,8c0b034d-87b7-4b27-a04c-50ba16d2d705,66.0,Female,Port Susanchester,Medium,2022-09-14
2409,077936e6-6556-434f-9494-e5d671b6e71c,65.0,Female,Bryantside,High,2019-11-09
2410,a7cd664c-e55d-4ed7-ab27-d368aa115090,59.0,Male,West Elizabeth,High,2020-12-04
2411,69dee80e-7843-48e4-9ab3-801d5150c141,29.0,Female,Markside,Low,2022-09-18
2412,fe33b336-9073-48b5-84d9-99449ee44bf4,44.0,Female,East Angelamouth,High,2019-09-02
2413,2ff0e505-c81a-4d59-8cb4-0f9fe40c0464,45.0,Female,East Melanieborough,Low,2021-07-07
2414,6eb52152-bea9-4906-9613-02a2805ff837,66.0,Male,Port Christopherchester,High,2021-09-11
2415,1e7ce035-2593-485c-8039-02a933537b70,59.0,Male,Russellmouth,Medium,2024-02-01
2416,43654f02-1a8a-4a68-b462-e9346673d1e1,26.0,Female,East Jacobshire,Low,2023-07-10
2417,d8ed673b-8d73-49a5-aa5e-ae50b2113777,40.0,Female,Jenniferbury,Low,2023-08-20
2418,bfa4ab5a-6c02-40b6-bb06-9c3f1be6024d,20.0,Male,Onealhaven,Low,2020-05-13
2419,a64aa6e2-be56-48bd-87b8-f0c903a77bb1,42.0,Male,West Kennethstad,High,2019-10-02
2420,93b50fb6-a62c-46e2-a082-7b3c5d02c547,32.0,Female,New Ashleyborough,Low,2023-11-21
2421,99a198c8-1b8a-48cf-8741-11e3e84e94bd,27.0,Female,Jamesbury,High,2020-03-11
2422,9eee2b1c-ef39-41e8-b34f-6be7cb9d05a6,41.0,Female,East Brad,Low,2024-01-09
2423,f8c0198a-5f47-4bbf-b9e4-e8a4dbf4380c,62.0,Male,Jessicamouth,Low,2020-08-07
2424,4df1a36d-5681-497a-b53b-8729cf2f173d,56.0,Male,Norrisport,High,2023-08-26
2425,3efe9e3d-863f-4bb6-bc7e-862b28019ed3,60.0,Female,East Patrickmouth,Medium,2021-01-04
2426,3ff07f9f-8d50-442d-b5b7-0d84510af6be,45.0,Female,Lake Lindseychester,Medium,2023-10-12
2427,ca71ef08-4778-436e-a973-c717fd1cbe1a,55.0,Female,Port Vickiebury,Unknown,2020-01-14
2428,b6d9ffc7-7d35-4459-962b-f18e7c626ffb,26.0,Male,New Brenda,Low,2022-03-22
2429,949f8b51-e8e8-466a-8175-f067854e14ee,24.0,Female,New Barry,High,2022-12-01
2430,6ba4ab30-95f8-4f3d-a867-1150f8f86ab8,68.0,Male,West Janicemouth,Medium,2019-12-04
2431,76e9df41-7bd5-43bd-b6d5-3869431ffd28,19.0,Male,Jonesfurt,Low,2024-01-13
2432,43719ae4-97cf-43e8-9702-636e2b44cb40,30.0,Male,Garciaside,Medium,2024-02-20
2433,7748b9b0-ba11-4fc8-ac2b-c3e94099f748,63.0,Male,Lake Kendra,High,2020-09-16
2434,cbb41dff-138b-4c5f-9c2e-6ad099a129fd,68.0,Female,South Gregory,Low,2020-03-23
2435,3cff3ced-315b-413b-9c0b-99bae1c5f85d,20.0,Female,Markport,High,2023-09-03
2436,654f1dd3-acd2-4297-af49-a68c601db98a,19.0,Female,Garrettville,Medium,2021-06-25
2437,9fc22cf8-1f95-4bc9-9220-044f9757a473,19.0,Male,Amandachester,High,2021-06-11
2438,e6f38640-260c-4c82-bb98-1a5ad730365e,45.0,Female,Leeland,Medium,2020-04-08
2439,76974373-3f92-4d0d-8d36-1ed53deb5e70,67.0,Female,West Melissa,Medium,2023-08-14
2440,9da7e2c1-6a6f-4930-bf58-24fb85191670,45.0,Female,Ramirezberg,Medium,2021-01-22
2441,61c66c60-10e0-4c29-851e-840e6801be64,45.0,Male,Melanieton,Medium,2020-06-18
2442,3ae9d673-efe2-4155-84ea-a2f9513ad419,45.0,Female,Lake Robertton,Low,2024-03-03
2443,fd67f70a-c429-4aa9-9289-04ced4c80b54,18.0,Male,Gilberttown,Low,2020-08-20
2444,9f30999e-2fb8-47f8-90df-b669aaaa8fbc,43.0,Female,West Jamesbury,Medium,2022-01-14
2445,88855af2-8d54-4045-a5b7-cc66f0b636be,45.0,Female,Jamesport,High,2020-11-14
2446,06b260b8-1286-4b47-8bfe-54d8501f1a62,45.0,Female,Stevensonchester,High,2024-06-19
2447,c5c9a893-3bea-4001-846b-ef648f643af6,24.0,Female,West Ashleyville,Low,2020-11-26
2448,474f9233-0616-431b-b3e9-a6feabe68abb,64.0,Female,Crystalburgh,High,2021-12-18
2449,f0f8cb8e-e58a-4caa-af9f-beace7eed5d1,37.0,Female,Stevenville,High,2023-07-21
2450,255b77a8-7dbd-4d7a-a0cc-ad8b8634ea21,36.0,Male,Charlesland,Low,2021-07-23
2451,089bd09a-4241-4fa4-905d-425bfc36b78a,50.0,Male,Lake Jake,Medium,2023-03-16
2452,8512b48f-4b69-4852-abdc-b0ca27953ee6,46.0,Male,Port Amanda,Low,2020-04-01
2453,f5a1c5be-8d36-4fb6-aba2-ba5a2751d3d4,45.0,Female,Victoriaport,Medium,2020-06-18
2454,0928ee67-7a9c-4f75-b73e-4a0e0ef3347f,42.0,Female,North Brianna,Low,2024-06-06
2455,9b74e9c4-2adc-45b1-a389-ecf83885c1d0,57.0,Female,Anneton,Low,2021-03-25
2456,f5b15ef5-1301-4e8f-b2c8-9f7bcef998d8,49.0,Female,Walkerland,Low,2024-03-16
2457,8e81b357-8d07-4125-aa2b-9098736b5eb6,56.0,Male,North Kenneth,High,2020-08-04
2458,25a6429b-4032-4138-836f-64ff1f189bf7,26.0,Female,Lake Dustinland,Unknown,2022-08-24
2459,c4f6aa80-a70c-44bd-a085-2241bdc87e1c,36.0,Male,East Emilyhaven,High,2024-03-14
2460,4312264a-0b51-4a9d-867a-5e6f1d974ef6,25.0,Male,Petersenbury,High,2020-08-17
2461,6dec1421-f6db-421e-851c-a98d5688392e,28.0,Female,Velazqueztown,Medium,2020-11-01
2462,3cfb573c-539b-4d4b-9aed-e2655df87db5,42.0,Female,Monicaton,Low,2021-09-01
2463,2bf45bb4-ff28-4e6c-9f90-d749c6b45221,48.0,Male,Fernandeztown,Medium,2021-01-25
2464,d53a55f4-9c91-4868-98ac-f29628316b5b,18.0,Female,Nolanmouth,Medium,2021-09-08
2465,f71e72b6-e451-42da-a1d5-6ef629c553f8,31.0,Female,Leeton,Low,2021-06-09
2466,db967804-54f2-405f-8584-509960b006f8,28.0,Male,Lake Travis,High,2021-12-08
2467,10aa865b-1440-4be7-82e7-9322d490e50b,27.0,Female,Alejandramouth,Low,2020-11-05
2468,28b0afc0-0a86-49fa-a9a8-be081b13a34e,32.0,Female,North Danielborough,High,2023-12-17
2469,815eac55-eb0f-4ded-8f0b-20d0115996f6,48.0,Female,Ramirezfurt,Unknown,2019-07-23
2470,bdb8e28a-44e5-4b20-b4a5-fd345abf6fbe,29.0,Female,New Patrick,Low,2024-03-26
2471,7b163557-7f81-495c-8d21-7e9e8fab6abf,37.0,Male,Harrisonfort,Medium,2022-04-11
2472,80065540-0427-4aa7-83d5-b7e24f8d7962,37.0,Male,Port Nathanland,High,2024-03-25
2473,eb8ff265-d183-472a-8f74-de381b6afb74,50.0,Female,Port Jonathan,High,2023-08-20
2474,5f539a11-81c1-497a-8df1-b7a6c8989b88,42.0,Female,Port Nathanstad,Unknown,2020-02-29
2475,f9079e65-db29-40ec-bb31-cbcff3446ffc,66.0,Female,West Donaldton,Medium,2022-02-16
2476,f0f3d785-a479-4101-8a5d-f805766e949d,26.0,Male,Claytonview,High,2020-06-02
2477,4e47693a-fadf-4e50-bbb1-ff872e5fa46c,68.0,Male,Lifort,Medium,2022-08-31
2478,e5b86db2-c53a-4804-a021-57846859196f,43.0,Female,South Gloriamouth,Medium,2024-02-25
2479,cbe0ba17-b550-4e47-b67e-a87bb2882513,21.0,Female,Holmesview,High,2020-08-21
2480,2da6af33-03ca-4206-9735-eaa16ed458d9,55.0,Female,South Bethany,Medium,2022-05-14
2481,72409c14-91d0-4d05-aed2-b001458a1007,38.0,Male,Smithville,Unknown,2022-03-01
2482,bac40966-a00e-4fd1-806a-686621f38901,47.0,Female,New Kristenhaven,High,2019-10-03
2483,d9c53ac7-59a9-4851-ad08-5da4aa8af7a8,29.0,Male,Angelachester,High,2024-03-03
2484,af53d8ae-7f3b-4384-aea5-0e70b3320ad8,45.0,Female,South Elizabethport,Medium,2023-08-06
2485,1d29565d-2123-4b85-b499-92a928a5fd2e,26.0,Male,East Stephanieton,High,2019-07-27
2486,09b6e44d-dfb5-4215-ae1a-581038886711,38.0,Male,East Michael,Low,2020-07-29
2487,4ce2b16e-10f6-42e4-8894-d776c80ff961,60.0,Male,Port Amandamouth,Medium,2019-09-18
2488,e9ea058b-aee3-4dbf-8e02-52efc404b12b,55.0,Male,Teresachester,Low,2023-02-26
2489,01968dca-24a2-4e04-86f9-f2de71066e03,45.0,Female,Joshuastad,Medium,2021-05-11
2490,588c9d82-2e86-4652-92ce-35d99355e561,62.0,Female,Susanfort,Medium,2019-11-15
2491,e3fb51fc-de97-4be6-80f4-7e6341610dd0,46.0,Male,North Diane,High,2020-07-30
2492,5edfab8a-fdac-4de4-92f0-2ca314b7fd59,53.0,Female,Peggyhaven,High,2021-11-04
2493,cb92abec-3e14-4c2d-b8a7-265082126081,54.0,Female,West Mary,High,2023-03-15
2494,36d3fae8-8b8c-4f92-8449-f31f1d1507ba,47.0,Female,East Anthony,High,2023-05-27
2495,c65eedd2-a238-4c15-a797-a13c8d9ad2fe,51.0,Female,East Daniel,Unknown,2020-11-28
2496,2a686858-9b7d-4ca9-a3c8-edd31753645e,55.0,Female,North Patricia,High,2021-01-06
2497,e850f663-3f65-4e57-b1ed-11669623b192,19.0,Female,North Steven,Medium,2020-05-02
2498,ee0d17b8-9535-40ee-985e-8c733c34ca3f,57.0,Female,Levyport,Unknown,2022-07-04
2499,1c139f1f-280b-4c07-8fe0-db50181fe77a,49.0,Male,Port Jeffrey,High,2020-01-07
2500,3ea377e6-1156-457e-8b4e-71fa6663e6bf,43.0,Female,Bradyport,Low,2021-10-04
2501,b5c0628b-1e18-48db-b35e-fd3e959dd948,18.0,Female,Arnoldtown,High,2019-08-23
2502,dae434ac-3ee9-4f08-908c-a30aee292780,19.0,Male,New Shawnhaven,Medium,2019-10-27
2503,a5563f79-b798-413f-b116-676354b77872,54.0,Female,Lake Sara,Medium,2022-01-10
2504,56ca89b8-74ea-462b-b686-20e45712bb15,38.0,Male,Jacksonton,Medium,2020-12-25
2505,92d3a47c-ab00-4c27-8fd4-460a47314db9,38.0,Female,South Marytown,Low,2022-07-31
2506,b0f6482c-2895-48e5-b17d-76f51f537dec,38.0,Female,South Stephaniefurt,High,2021-12-01
2507,95b348c9-df6a-49eb-9473-bc798fb8499b,63.0,Male,Port Rebeccaside,Medium,2021-08-13
2508,538bff02-650a-41fc-b35a-cf48b761b7eb,61.0,Female,Carolineberg,Medium,2023-07-26
2509,a402018e-e30f-45e7-99db-a7e03ec94dcd,38.0,Female,Douglasberg,Unknown,2021-10-25
2510,f288eca4-19dc-4cb3-87bc-082a146ab029,19.0,Male,New Rachelville,Low,2022-11-04
2511,42c67723-2085-4d2e-b237-fbfdfbdf9f3f,31.0,Male,Emilyville,Unknown,2020-07-24
2512,12150cc9-4e95-4d2f-b47d-62914f0929ba,68.0,Male,North Meganton,High,2022-04-27
2513,2fb8f01f-beeb-4089-a0bf-c6cfdc93c7e4,52.0,Female,Toddton,Low,2023-07-08
2514,fe12cf9d-7da0-4ef0-a48a-bc3cff545790,36.0,Male,Thomashaven,Medium,2019-10-13
2515,d16784d1-1c77-46b6-a00a-b6e84a9bec9f,68.0,Female,East Stephanie,High,2021-12-16
2516,3a204a5c-66e7-44fe-b1b7-6ca40fb677b5,58.0,Female,Meganville,Low,2021-08-15
2517,11227dc2-7920-428f-93a8-4595cc1fe6ca,64.0,Female,Rhondafort,Medium,2020-11-09
2518,c510c51e-77c1-4e2e-901c-b24996c6e3f0,22.0,Female,Lake Cassie,High,2020-07-28
2519,48b0fbc5-7de9-4720-9f39-6e820834dced,24.0,Male,South Natalie,Low,2023-03-29
2520,b4f6992d-aabc-41d3-818e-16d2e00c1f86,26.0,Male,Port Joshuamouth,Medium,2023-09-18
2521,4a6b7908-3f73-46aa-9e69-f4011e615943,45.0,Female,Port Sandra,Low,2023-06-08
2522,b085f94e-216f-4455-a560-f3c1c660869e,58.0,Male,Lake Stephen,High,2019-12-08
2523,24884bac-7030-408b-b834-203c963e5f30,62.0,Female,South Angelachester,Medium,2021-05-18
2524,8c9df0fb-cfa1-447f-a85a-7086a6ffee3e,63.0,Male,Johnsonmouth,High,2020-10-26
2525,52a4dac1-e01b-4d94-bd50-c3643054ed5b,41.0,Female,Barajasbury,High,2022-02-07
2526,0705b468-0c54-4425-bd26-594d1aefe9b8,58.0,Male,Michaelfort,Low,2021-08-27
2527,83e67ac8-6dd6-4dc9-b16c-eb05aa77e6e7,38.0,Male,North Stephanie,High,2021-09-25
2528,243a5ccd-31c3-440d-a3ad-73d3972dd39d,45.0,Female,New Larry,Unknown,2019-10-12
2529,51c78964-918f-4a61-a53e-44e5a8dbf5d1,40.0,Female,Davenportmouth,Medium,2020-09-16
2530,13e694c9-f2e5-4136-ba96-5dec24916524,33.0,Male,Davidland,Low,2020-05-30
2531,7d9db1a5-73dc-4942-a282-593b81b00821,45.0,Male,West Robinberg,Low,2021-05-14
2532,e056ede9-5395-4e30-8074-f8c48894cac3,26.0,Female,South Donald,High,2022-06-07
2533,1dc5f546-688f-4243-9999-9549cac9068b,59.0,Female,Jacobsonberg,Medium,2022-04-13
2534,b79db1bf-be94-444a-9c04-0e3a7280f3b5,61.0,Male,South Adamhaven,Low,2022-08-15
2535,d351a939-0f64-41bb-91d3-5a90b091c928,55.0,Male,North Ericfurt,Low,2022-04-05
2536,df4e5a8c-c078-4392-b08c-9cf09ed693e7,34.0,Male,Kevinport,Unknown,2021-04-14
2537,1223fb41-781f-4bbe-95ee-cfc4163ff736,68.0,Female,New Michaelchester,Medium,2019-07-25
2538,eb263c61-e957-4ee6-92e0-b1fbb45b6412,38.0,Male,Lozanoview,High,2022-01-26
2539,7be6d71b-02f8-4b79-af40-2cfd25692d9f,38.0,Female,New Keithfort,Unknown,2023-05-10
2540,54528df9-215f-4d8c-a1f9-8826c0996108,67.0,Female,Burgessborough,High,2020-06-05
2541,ed8f14ba-faec-47e1-9024-912204c49535,21.0,Female,Lake Allison,Low,2024-05-10
2542,270506ea-c72f-4926-a9f4-e29ea53adb9f,48.0,Female,Dawnfort,Low,2020-03-08
2543,8a679619-e249-4c00-8651-db6a461f177b,28.0,Female,Robertchester,High,2023-03-23
2544,000c6bbd-533a-432d-922c-ab64197e71c5,25.0,Male,North Oliviaton,High,2019-11-06
2545,e7d0e7f4-7335-4b2d-9741-1d6113ec6234,45.0,Male,Port Samuel,Medium,2021-12-31
2546,095992d4-56e4-4756-b930-74f701363489,48.0,Male,Websterhaven,Medium,2024-05-05
2547,4ff95c54-74b0-4b1d-b479-3220626e4782,49.0,Male,Craigchester,Low,2024-06-02
2548,cc90dc03-ab3f-4c79-b0f4-17bec02f7058,29.0,Male,Goldentown,Low,2023-09-28
2549,f364d099-7a13-4f0c-a2f4-8ed1078e22ae,52.0,Female,East Sherryberg,Medium,2020-01-12
2550,9b24f754-cb7e-4601-a95e-a216796c6b82,67.0,Female,South Amanda,Low,2020-11-09
2551,c2351d11-59fe-4630-a6df-e01bc343de33,68.0,Female,East Pamela,Unknown,2022-06-15
2552,40d70488-aa98-4c83-8e41-b30adb59c2a4,34.0,Female,New Robert,Medium,2023-08-07
2553,85d41d72-28c3-481d-91e9-4feb42eda376,43.0,Male,Huntland,Low,2021-05-31
2554,8d1ea7d9-d58f-436c-b802-2ef8423b5eb1,55.0,Male,Cruztown,Medium,2023-09-06
2555,d2ed05d6-7d58-4b3a-b9d8-4916af54bc85,31.0,Female,East Michael,Unknown,2021-02-13
2556,e8798924-768e-47a2-8141-3fae4ec75096,67.0,Male,Paulton,Low,2024-05-20
2557,b1a7462b-d9cc-4e1a-b2be-d630eb2b3152,37.0,Female,Christianview,Low,2019-12-28
2558,0c6c6e4c-ef0a-4dae-a296-8bd4b01b13f7,64.0,Female,Lake Janet,High,2021-12-18
2559,0047d8ce-a5bb-4db7-860f-6ff66e1cd060,40.0,Male,Mitchellview,Medium,2021-11-11
2560,896ecf15-219a-4a9d-bbeb-0aeb2d0f7dc9,37.0,Male,Castillofort,Low,2019-08-27
2561,41a1f2b8-4685-4f0e-a1ac-09fd44234559,53.0,Male,Port Elizabeth,High,2021-12-24
2562,1f36bdfc-db69-4416-a391-a94c6c088697,40.0,Male,East Kathy,High,2021-11-19
2563,28dad012-b308-4cd7-b60f-edb22f8a6022,33.0,Female,New Kylefurt,Medium,2022-12-23
2564,3d1c948c-6af0-43b7-834b-0306f1679928,56.0,Male,Josephville,Medium,2023-07-12
2565,c8411d2c-93ac-4dde-9e5f-f6a4b444a236,34.0,Female,Hoffmanfort,High,2021-05-13
2566,58efacc2-449b-43b7-b0b1-eac8fc45e75e,65.0,Female,Grayberg,Medium,2024-05-31
2567,cf394029-46c3-44ca-b558-a9e81a69f047,45.0,Female,Pamelafurt,High,2019-08-04
2568,1f5c5adc-e909-470d-b426-2e128b353d04,47.0,Female,Port Suzanneborough,Low,2021-02-05
2569,1e061351-11f3-470c-905f-60f244516c43,20.0,Female,Sarahbury,Low,2023-02-28
2570,da548c02-b512-4343-8819-4a2a6b7f062c,52.0,Male,Lake Jeffreyberg,High,2022-02-23
2571,0b92f0ea-8d64-4815-9afd-4bbbb0f711b0,49.0,Male,Danielberg,High,2020-01-24
2572,574f65fb-c9a3-49cd-87c0-c6beed1d13f2,32.0,Male,Lake Ryan,Low,2022-07-30
2573,c051ca83-cdd9-4a6b-b4c0-c94b11cec250,27.0,Male,South Cameron,Medium,2020-05-21
2574,181cfca3-5fbc-40fc-b4d6-a1a92a61ea51,53.0,Male,West Codymouth,Low,2020-04-30
2575,8ecb60d8-2993-4586-b0cd-41309f3e559b,59.0,Male,Jamesberg,Low,2022-07-23
2576,a767a5c2-a234-4009-91dd-3bd99ced0af9,29.0,Male,Sosaside,High,2024-05-26
2577,a420497a-653c-4a0f-bdfa-32543a7a94f6,64.0,Male,Lake Jerryport,Unknown,2020-01-26
2578,a7bc85d1-01ff-447e-bf1b-4f6abcccef7b,49.0,Female,New Peggy,Low,2022-02-15
2579,1ccb073f-2199-4254-833f-db7619187fb8,29.0,Female,North Racheltown,High,2024-03-20
2580,6eb30284-1e44-4957-951e-7b2d415aca94,68.0,Female,Howardtown,High,2023-04-09
2581,a5c35109-b63a-4613-9b18-c80d66ca62b8,56.0,Female,West Judithport,Low,2023-02-14
2582,32c30314-8914-4cdc-8dbf-3101b123784c,33.0,Male,Williamton,High,2019-10-03
2583,be291608-29a5-4143-a9dc-701f91ea3952,36.0,Female,Port Jenniferborough,High,2021-04-10
2584,83b8546f-50a6-4b60-8dfc-78004cc0076c,59.0,Female,New Derekborough,Low,2022-11-30
2585,c0cee417-560d-4fb2-92b1-36f931fc7e93,29.0,Male,Amandaton,Medium,2022-07-16
2586,da5a20e8-9419-44bf-aea6-350370006907,45.0,Female,Christopherport,High,2021-11-17
2587,dd99eeea-0951-4a90-a235-e3a6cdc19fd7,68.0,Female,West Kevin,Low,2022-12-22
2588,9da165b9-c803-45de-b8df-1c4fb275aa98,46.0,Female,Ruizville,Low,2022-03-05
2589,0ba92110-710d-4647-a7bc-529cad2cda6a,42.0,Female,Jamesport,Medium,2020-02-21
2590,3eccdcf9-e8ce-4e44-9f62-8bef88e70672,45.0,Female,North Raven,High,2021-03-01
2591,3e9e7b2d-4e16-42b4-a43d-b85fec9fe940,41.0,Female,Port Jessefort,High,2023-10-13
2592,32ac11aa-a64e-463e-a6f7-37ce1c10f2cf,43.0,Female,East Matthew,Low,2019-07-01
2593,754c5fea-a425-41d2-b22e-0558edfd8a0f,62.0,Female,South Tristan,Low,2023-12-15
2594,f5e94932-bd5a-4728-a4ae-731b458831ca,52.0,Male,Paulton,Low,2024-01-29
2595,4fa0e136-dc82-4b63-b106-51c60fc5d47e,67.0,Female,Chenhaven,High,2021-05-02
2596,b2b0b6b0-a92a-4c35-a1b8-bff5dc60b1aa,41.0,Male,South David,High,2019-09-10
2597,ce23272e-6d3d-4dea-88ae-d2f1d95149a1,61.0,Male,Lake Dustin,Low,2022-06-21
2598,d815c267-68e9-49c7-81b6-0d21a4065042,45.0,Male,West Kevinview,Medium,2020-07-31
2599,7faf0e1c-69cf-40f8-aac6-2a048bb97b3b,45.0,Female,Reyesland,High,2020-03-01
2600,0d54a00f-7e0e-45e3-804d-5a43044cfa0b,35.0,Male,North Mary,Medium,2023-10-18
2601,f770e561-feaf-49f5-8a33-7dae0e80cb43,35.0,Male,Scottton,Low,2020-12-19
2602,c948b688-1a1c-4d0d-828d-e130777f1fbd,52.0,Female,North Stephen,Medium,2022-03-29
2603,d8e2fcc9-04bf-451d-9be7-e7ab9bf2bef8,61.0,Male,South Rhondafurt,Medium,2023-06-16
2604,7a2a204c-45c6-472b-81e1-3fcfdcaef417,45.0,Male,Brandonchester,High,2022-09-03
2605,279f267c-0ce8-4bc5-9cdd-d62c39547afa,39.0,Female,Rebeccatown,High,2021-05-29
2606,e923df5b-cfb9-4818-a97f-82d498868e91,29.0,Male,South Robert,Medium,2023-02-25
2607,414ed0b8-6073-4896-8b41-7c94d9f6e953,20.0,Female,South Andrewview,Low,2021-04-04
2608,4bc30b82-bb7c-4966-90ff-647df299681d,29.0,Male,North Christopherfort,Low,2023-04-24
2609,5de3badd-ff40-4286-954a-e483b3d32dfe,32.0,Male,Christophertown,Low,2023-08-15
2610,4cf833f0-9d6b-440b-9846-6d1c0fc613c0,38.0,Male,New Gailview,High,2020-09-12
2611,b94b3531-591d-445c-b282-dcacb0baca5b,51.0,Female,Rayberg,Low,2022-07-04
2612,407c3e47-8309-4423-a2bb-e025b3239745,61.0,Male,Kaylafort,Low,2023-03-18
2613,a19141a4-b574-4bdc-a9b4-c05e8b2519f7,45.0,Female,Breannaland,High,2022-05-19
2614,bf39b441-0b9a-41dd-9578-20ada60f8547,24.0,Male,West Vanessaton,Unknown,2021-08-09
2615,78bee088-4d98-4eaf-ab74-cac78e41e898,63.0,Male,South Kevinmouth,High,2020-04-08
2616,987867d2-c4a0-4679-9686-b0557c8c22ee,47.0,Female,South Nancyview,High,2020-07-29
2617,78a56fdd-06de-4fd4-8afa-c2d8043f69fb,42.0,Female,East Sandratown,Medium,2020-02-10
2618,9de43f63-9e0e-49d2-ab7c-64af1297eadc,42.0,Female,Michelefort,Low,2024-06-23
2619,73406732-e0cc-4ae6-a03b-aed8ed40dbee,48.0,Female,North Natasha,High,2023-09-01
2620,d2bf7d5a-7734-4e7d-bbc4-8d0b9c4c883c,48.0,Female,East Jennifer,Low,2024-03-10
2621,9d2b9207-b815-4e36-9e2c-0fae9e467a8d,57.0,Male,New Robert,Unknown,2019-12-04
2622,bdfb63af-d1a7-412c-8d2d-f80f6a26420f,23.0,Male,Meganbury,Low,2021-07-31
2623,14a794f8-2099-4aee-97e4-bdd3899994c6,65.0,Female,Port Kathleen,Medium,2021-10-17
2624,8589dffb-16e7-48e1-b446-d90667e4dff6,21.0,Male,Lake Michelle,High,2021-08-17
2625,5788b07d-0919-49cc-a65f-46cf3167e24b,45.0,Male,Port Steven,Low,2021-01-31
2626,d52df852-29d1-4156-8418-0e73ecb767cf,68.0,Female,Allenland,Medium,2022-01-31
2627,e39c6523-d929-4d94-a978-ef4ea3e69bbe,60.0,Male,Warnerfort,Unknown,2019-07-25
2628,24fce394-c68e-4c04-b884-393a6662dad7,50.0,Male,Kimberlyview,High,2020-04-01
2629,cdd1c800-e04b-4df9-8682-c3207861cee4,40.0,Female,East Brittany,Low,2022-03-15
2630,37c2adef-c273-4da9-a16b-a542116416cf,40.0,Female,New Christopherside,Medium,2024-01-13
2631,52e263ef-2b36-497b-bc41-da90c9b9c1fa,52.0,Female,West Danny,Medium,2023-09-01
2632,6804bcfe-0e24-497f-994f-cd37513a45cd,35.0,Male,Michaelbury,High,2024-01-15
2633,354a6ac6-d9b6-4fe3-be3d-43f121f27aee,55.0,Male,Clinechester,Low,2024-04-02
2634,ac397697-234e-4286-91d4-9e59a9c1e19c,64.0,Female,Laurieshire,High,2022-07-03
2635,bafcfabe-cc0f-428a-a10b-090ac9b56933,64.0,Male,Hollychester,Medium,2023-08-26
2636,b5915b1d-08f4-449d-a4c1-a7786309a084,42.0,Male,Lake Sara,Medium,2019-09-26
2637,4f8ed517-538a-4c88-9d25-343ec3f8460e,43.0,Male,New Zacharyville,Low,2020-04-30
2638,ae0b84ca-a55b-424d-a556-40e89db2e099,56.0,Male,North Tracyport,Low,2020-02-18
2639,86f62a9f-e0c9-4904-a196-65218dc5cea5,57.0,Female,Flemingbury,Low,2021-09-08
2640,9d6c7c0d-70eb-45cc-ac6d-bbdd88aabeee,62.0,Female,New Jennifer,Medium,2022-03-20
2641,56fe3f0a-c1fe-4cfc-a986-658ebb6416e8,59.0,Female,North Joannechester,Low,2023-11-07
2642,126a19e5-9bad-49df-a564-60ddf3c6afa6,45.0,Female,Powersmouth,High,2021-04-13
2643,a9a3ce5a-1459-428a-b461-2ec4611ffdcd,27.0,Male,South Carlaport,Unknown,2020-06-21
2644,1d26a8ed-88ca-4806-9ec1-7db7ee6a748f,32.0,Female,East Cindy,Unknown,2020-01-25
2645,958b5999-943e-4d80-abeb-5fb285047fc0,34.0,Male,Zacharyfort,Medium,2020-12-16
2646,f0fa23f8-ad7a-407d-a63f-d4fba28cf6ac,34.0,Female,Thompsonview,High,2021-09-13
2647,4ae4f4ad-20e3-4f73-9f47-f5473047b289,57.0,Female,Jeffreyberg,Unknown,2019-11-17
2648,330f2d03-b6d1-4f29-a8a9-539c278d6435,66.0,Female,Josephburgh,High,2023-07-03
2649,7f12330b-8b50-4618-bbeb-b5ca1532ab43,21.0,Female,East Tommyshire,Low,2023-08-27
2650,1256edb8-f10f-451d-91c5-1e525b23ff5d,32.0,Female,West Adam,High,2022-01-23
2651,3d8408ab-60f2-465f-a112-d6b7747c4a4a,37.0,Male,Warrenstad,Low,2020-07-03
2652,56955d9a-88fc-4100-9d6b-1ba2eeca54e5,46.0,Male,New Granttown,High,2022-09-22
2653,723f4d63-3160-48f6-86f9-768674ceb42f,40.0,Male,Thomasfurt,Low,2023-05-02
2654,243b28fa-f273-42e7-90c7-7885be2a8b62,50.0,Female,East Kaitlynton,Unknown,2023-02-25
2655,2bf41032-16ea-4915-96f2-894a2cd39765,25.0,Male,Rebeccamouth,High,2019-07-22
2656,15e129b7-48ba-4b37-8ba4-703745e17019,61.0,Male,Christopherchester,Medium,2019-09-05
2657,c349a3fd-afca-4395-8925-0ac751ed9bd6,45.0,Male,Ericaport,Medium,2022-07-18
2658,eeebfab7-8917-4eb2-a187-fae698d2978b,57.0,Female,Joannaville,Low,2023-11-17
2659,9d62293d-b5fd-4efa-b359-2039d2427c59,38.0,Male,Randolphside,High,2019-12-06
2660,6031484a-676d-4daf-bfcb-a741a8378cbd,22.0,Female,South Kimberly,Low,2023-05-03
2661,3c6bcaa9-3edb-4114-8a2f-ce624ce186f9,61.0,Male,East Mary,Low,2022-04-13
2662,885582df-3468-44c9-b92d-ea9d8396b962,54.0,Male,Angelafurt,High,2021-02-25
2663,afafc055-f6de-427f-8b2d-2f2cc262c0a8,28.0,Male,Ashleyberg,Unknown,2020-03-19
2664,a6b0e1e8-4909-4f59-8c29-ba5f8d294141,62.0,Female,Williamsville,High,2023-09-03
2665,c51a0615-0139-4cfb-84f7-0c5f12c7d9b8,22.0,Female,South Ryanbury,Medium,2023-09-22
2666,50b1a4f9-30de-4811-870a-0dbfb8285730,62.0,Male,Lake Luis,Medium,2020-09-29
2667,a9af986b-d677-421a-81df-3d289ce9e38f,31.0,Male,New Theresa,High,2022-08-13
2668,a57d8ffb-07d5-4af9-af25-fe178340fbd2,58.0,Female,North Christine,Medium,2023-02-17
2669,4e1bf893-0c29-49a3-9335-c63c5c6638e2,23.0,Male,Dennisborough,Low,2023-03-20
2670,5be46961-3dab-4faf-802f-8f0f9414e039,63.0,Male,South Andrew,High,2021-08-26
2671,1906e365-5d12-448f-89ee-5c1cb9af446d,30.0,Male,Bradleyland,High,2021-08-23
2672,f61abbed-511c-48c3-bea7-784a7b1f4ef9,67.0,Female,Ashleybury,Medium,2022-09-29
2673,82f41b29-3a03-4309-8ff4-96465e800a62,20.0,Female,New Ericside,Medium,2023-08-31
2674,9e879ea8-cb51-4d8d-9e63-0d9464959be4,27.0,Male,Vanessaberg,Unknown,2019-07-15
2675,e2678aa5-6131-49ab-b2b4-fa51e46c7784,35.0,Male,Robertfort,Medium,2022-04-05
2676,cb0a2640-ca08-4221-a20a-6fa05b58af18,19.0,Male,Michaelshire,Medium,2019-12-20
2677,b988bc34-74fb-40cb-8d52-d9df313be7f0,68.0,Male,Kaitlynton,High,2022-01-18
2678,5659a8c6-0397-4396-b561-52ec1c8a760b,45.0,Female,South Thomas,High,2023-05-20
2679,97e1e591-9641-4ccf-9e73-70137b21e6d4,45.0,Female,East Jonathanfort,Low,2020-04-15
2680,25283b2b-4273-48ea-b92c-fa8866f06d97,32.0,Female,Marcusburgh,Low,2023-06-25
2681,686db601-0d7e-47bb-b291-bafccdd88579,45.0,Male,Port Donnachester,Medium,2022-12-29
2682,3072aa43-6c0a-4c09-9ab0-aff70d555e0f,68.0,Female,South Madisonville,Unknown,2022-07-15
2683,7f05422d-2ccf-423b-958f-081f2044dc02,53.0,Male,East Christopherside,Low,2019-12-18
2684,cddc460b-dd79-40bb-a1c8-b79bf727cc0c,40.0,Female,South Matthew,Medium,2022-03-06
2685,49aca1de-4637-45a5-ac2c-5c64a9f16b32,63.0,Female,Jerryfort,Medium,2023-05-21
2686,95af129b-6919-4063-a44a-4bfe9bd668d8,28.0,Male,New Jamie,High,2023-12-13
2687,0fb0bd8b-df5e-4029-be1f-b861d1ded562,30.0,Female,Hopkinstown,Low,2020-06-24
2688,6d4afc8d-d844-46b8-b074-32c8c365a575,45.0,Female,Snyderstad,Unknown,2020-07-07
2689,a39d48bf-a98b-4846-924e-cf1c0c65bd63,44.0,Male,Lindashire,Medium,2023-09-16
2690,88b05a46-db35-4e3c-8d20-fbb899693279,29.0,Male,Jamesside,Medium,2021-10-26
2691,a9a5ead7-6992-404b-9d33-41e11409d415,30.0,Male,Veronicabury,Medium,2022-01-06
2692,2082457a-0e0b-41a5-971a-a4896e094663,42.0,Male,West Matthew,Medium,2022-09-17
2693,fe4eace1-a485-45b5-827f-d8a3dfe9d92d,20.0,Female,Lake Laurenville,Unknown,2019-10-15
2694,37b09c72-123a-4c67-9e52-1c2ec42d101d,47.0,Male,Lake Sarahmouth,Unknown,2020-01-06
2695,5ed01b77-53ad-429b-896c-c563afef0090,67.0,Male,Mayoburgh,Medium,2023-11-28
2696,63761a52-e454-4701-a01d-6255d2d15895,54.0,Male,West David,High,2020-05-06
2697,6f6d4ec2-6492-4497-b6db-3c6d36905a7e,18.0,Female,Samuelville,High,2019-07-05
2698,34e3f558-622e-4d6b-8d5d-07ab632e1b95,51.0,Male,Port Tiffany,High,2021-05-22
2699,174cbf14-d8c9-410d-a0d5-69c86c945f17,45.0,Female,Veronicaburgh,Unknown,2023-02-11
2700,8f7a9b25-42c2-4cdd-8b0c-b66e1ca3e78a,19.0,Female,North Lisa,Unknown,2022-03-20
2701,a8b18a86-6dfc-4bdb-b4df-f9bab44fdf0c,68.0,Female,Michelletown,Low,2020-09-13
2702,ceaa7320-d177-4067-9582-3811c3929178,52.0,Male,Lake Philipland,Low,2023-11-22
2703,7703e2f8-1df3-42a6-a181-69522a440dfa,68.0,Male,West Pamelaberg,Low,2024-02-13
2704,3c4cd76a-57cf-4db4-820e-545a075fa640,45.0,Male,North William,Medium,2021-01-28
2705,61270da3-0a87-4541-84df-2627bb65c010,46.0,Female,Chaseview,Low,2022-08-17
2706,ed583d72-569d-44e6-a43a-922d87610bc1,45.0,Female,Jamesfurt,Unknown,2021-07-30
2707,a33b4c6b-8873-48ff-8d29-33f3a3b64251,22.0,Male,Parkershire,Low,2019-11-08
2708,112236f0-65dd-4cea-9d28-3e322f6e09e5,55.0,Female,Foxfort,Low,2022-12-15
2709,471c3204-b4bb-4f9b-8b2c-29a2caa9e7da,45.0,Male,Michaelton,Low,2024-06-25
2710,6a3b7487-1af2-45d6-b7d1-0ed4dbdb80fb,46.0,Male,Rogersfort,Medium,2023-08-06
2711,a8797e1c-7f5c-4fd5-a149-6056f4a4c764,32.0,Male,East Janiceton,Medium,2022-10-25
2712,40c2909d-983b-4c95-a737-2022acba98ee,28.0,Male,Josephborough,High,2020-02-14
2713,86d1b8e8-2777-45fa-83d1-b0d08dbbc476,31.0,Female,East Stephaniestad,Low,2022-02-15
2714,39105681-5ba7-43e4-99ce-f422294dd26c,25.0,Female,West Laura,High,2021-05-03
2715,36b20be9-b317-4467-9456-27ce780f76fe,66.0,Male,Johnstonbury,Medium,2019-12-07
2716,2c35e69c-7e26-46cb-b2fc-02875830b4ab,37.0,Female,Nancyhaven,Low,2023-01-01
2717,f77576df-bc7a-4f79-b5c3-e2da4eff130e,50.0,Female,North Jasonview,High,2023-03-08
2718,f7f9e199-7d4e-4bb8-884e-5cd7d260a5ec,40.0,Female,South Katherine,Medium,2021-12-11
2719,cb656c11-db8b-423a-9b46-bf010b19cf01,32.0,Male,Lake Walterberg,Medium,2022-07-24
2720,5be78fe8-76f4-4e6f-8f63-551c6a35f380,37.0,Male,New Markstad,Medium,2023-12-25
2721,1d19d2e1-ba97-4c7f-bef0-5b7d26e234b4,63.0,Female,New Meganland,Medium,2021-02-04
2722,d8967478-6ce3-4d57-a3e0-e145e4312b55,39.0,Female,Fullerview,Low,2020-06-12
2723,58ced86b-155c-45b1-96c4-92e39af3751e,53.0,Female,Sarahburgh,Medium,2024-01-05
2724,7ab8db8e-7ddc-467b-8880-e2c04f878eba,45.0,Male,South Travis,Unknown,2021-03-27
2725,e53f840d-c955-4fd0-9527-66b4262c9a2e,43.0,Male,North Christinefurt,Low,2024-02-03
2726,23cc1249-2b7e-4941-9f5b-9bbcb5b5b7c3,64.0,Female,Laurenside,High,2022-12-24
2727,af990db3-c5d4-466a-9e2a-f3e9814240d6,62.0,Female,Cartershire,Low,2023-10-29
2728,36181669-86a6-41d0-a0e7-622915e0bc71,22.0,Male,Wallerborough,Medium,2023-05-18
2729,603730a2-0f6d-4d3b-a760-39db03ab01f4,68.0,Male,Port Christinamouth,Low,2022-05-08
2730,fc9f91cc-00f1-4ffa-8016-878c069f3a1b,25.0,Female,Kathleenshire,Medium,2019-10-08
2731,f6f7400a-0aa5-47dc-bc5a-af3e38d00f30,23.0,Male,Lake Richard,High,2019-10-30
2732,58c7facb-dcb5-4295-a018-dca349b6ff8f,46.0,Male,New Aprilport,Low,2022-04-15
2733,9bfa682d-c94e-4a68-878e-a0e02c3d2238,68.0,Female,Hamiltonmouth,High,2022-06-13
2734,f0610c4e-9bae-4a6b-bf8c-c056e1e18eec,68.0,Male,West Amy,Low,2022-11-01
2735,7cd96f82-4bad-4efd-a6aa-d6098dff001e,25.0,Male,Salazarstad,High,2021-02-14
2736,7d4f167d-3aad-4f1f-a1a7-0a9cfdb1aa1f,28.0,Male,Lake Denise,High,2019-11-06
2737,03d01df9-0fd0-44a0-896e-27ea0c657536,45.0,Male,North Sandrafort,Medium,2023-11-11
2738,372a1604-ac20-4c89-b475-efbcd0873ace,45.0,Male,Lake Wanda,Low,2023-01-23
2739,e5be271b-9214-4e9b-b935-711a014c8c3c,18.0,Male,Reynoldsburgh,Unknown,2020-09-06
2740,7df8eecd-76e1-4a54-a926-34a5eaa99ae0,34.0,Female,Erikberg,High,2020-01-14
2741,152fca0f-9095-4702-a079-a6a39a1ae04c,23.0,Male,Keithchester,Medium,2021-09-20
2742,f27dad21-87d3-41b7-b93f-1efba28d5819,57.0,Male,Thomasside,Medium,2023-12-26
2743,19d50522-1f68-4dec-903d-5601e43afeb7,59.0,Female,Angelatown,Medium,2024-01-29
2744,144c5526-0f5c-4898-a22d-6c53ea6be509,45.0,Male,West Jamesville,High,2022-02-20
2745,18ce1aac-657d-46b4-8c46-22f37dec48d7,65.0,Male,Vanessashire,Medium,2023-01-17
2746,4e50020d-aa1c-46b3-9821-63d7b69f58ba,58.0,Male,South Whitneymouth,Unknown,2021-11-04
2747,fd51c466-a180-4f86-b92d-e72b7012685c,68.0,Male,Christinaland,Low,2019-12-15
2748,d74439c1-90e1-4a46-951e-89fe6e092b9f,68.0,Female,North Anthony,High,2024-01-29
2749,1a8a0568-f287-49ae-b1e0-3bbba67c15b0,25.0,Male,North Christinaville,High,2019-10-15
2750,8b017c98-ff3d-43d0-a0c7-6d1a7a2922e7,62.0,Female,South Kathy,Medium,2022-04-06
2751,418354d2-ebb2-42d4-b789-4bea92bda55f,63.0,Female,Moranberg,Medium,2024-06-29
2752,c946bcca-f938-4fca-b45a-d8d06efce38a,66.0,Male,New Maria,High,2022-04-28
2753,96593e2d-ee01-4f95-87cb-b5f45c19f4f0,61.0,Female,New Elaine,Medium,2022-05-01
2754,f3521369-d217-432d-9364-289de51caa73,49.0,Female,West George,Medium,2022-07-06
2755,41846ddf-f6d1-40ef-952b-652f8904d6ee,68.0,Female,Diazmouth,Medium,2021-04-27
2756,6a2653d3-dd1d-4de4-99db-2930e2edc06e,31.0,Female,West Randallstad,Medium,2023-12-02
2757,68afa4cc-e2d5-4150-b358-2e14e7508721,18.0,Female,South Zacharystad,Medium,2020-08-03
2758,5dc8fbec-4149-4615-9ba8-d30bfacd7637,58.0,Male,West Lisa,Medium,2021-01-06
2759,76ae365e-7b45-4763-94ec-3f98ef127fd5,22.0,Female,Benjaminmouth,Unknown,2021-05-16
2760,bd136e0d-1bed-4720-8573-8e62ac1ea02e,61.0,Male,Erikburgh,High,2020-06-25
2761,2bb89c7f-6cf2-4501-85e4-b881aa0cc217,66.0,Female,Georgeburgh,High,2024-03-05
2762,0a610e96-95c5-439b-9804-e19af5aad6ff,37.0,Female,New Amy,Low,2020-12-26
2763,df8efbc2-afb8-4036-b764-ec5d26891ca3,67.0,Male,North Karen,Medium,2024-02-23
2764,fdd82804-b91c-4adb-837e-88e9b8194b57,49.0,Female,West Anthonyburgh,High,2022-04-25
2765,dadec79f-9450-483e-b702-53761986def8,62.0,Male,Belindatown,Medium,2020-01-20
2766,efb416d3-a219-4aa2-9a82-61fd361b9f60,68.0,Male,Weaverstad,High,2019-10-24
2767,ad2198ca-37db-43c7-9ea7-9c479f2145ee,33.0,Male,Michelleshire,Unknown,2021-09-30
2768,78f0a8aa-5949-417c-b6c0-3782e659685e,45.0,Female,Simmonsburgh,Medium,2022-03-08
2769,882f2271-7120-4805-a126-849b41837856,33.0,Female,South Austinside,Medium,2019-07-06
2770,8e5f5e2c-5799-45f4-b5f9-c14dbb9e2db3,45.0,Male,Andersonton,Low,2022-09-15
2771,c9f5c06f-3503-465f-a5ce-bf93bc975cb0,59.0,Female,Justinton,Low,2021-03-11
2772,18882dff-81af-47c8-8bc4-a0f21e17e7ed,22.0,Female,Lake Erika,High,2023-01-22
2773,9612ee49-09dd-4f55-9524-9eb341efa2b9,45.0,Male,North Breanna,High,2020-07-30
2774,7d85d3ca-acc9-48bd-aff3-58f3626bdc08,49.0,Female,Michealside,Medium,2020-01-07
2775,c2db166f-c1ac-4c34-a6aa-0c22721171e2,45.0,Female,New Allisonborough,Unknown,2021-11-11
2776,408992a1-f21a-4ebd-a9b2-5e256ef8bf13,57.0,Female,Richardside,High,2021-07-26
2777,d51a0589-4e54-442b-8505-1b03e6666a0f,42.0,Female,New Julieborough,Unknown,2023-12-14
2778,c072045c-1e5a-4019-9572-612d18ca3318,59.0,Female,Garciashire,Medium,2021-05-28
2779,2d681a3f-2b41-4425-9f00-bd8231709174,33.0,Male,East Tracy,Medium,2023-08-23
2780,1dca69a0-6e83-4bbd-a589-fb28890aeadb,62.0,Male,West Morganchester,Low,2022-11-03
2781,589d1373-ac39-4921-8d2a-c70358313d40,20.0,Male,Littleberg,High,2022-01-16
2782,57bfa722-7e8f-402d-aaff-ba2b7034150a,27.0,Male,Hatfieldmouth,Low,2021-07-07
2783,5b926605-fa21-4bd0-aba5-1918d14c6bf8,22.0,Female,Lake Charles,Low,2023-10-31
2784,b2dd40c0-e0bd-43ef-b0f7-a178faa348cf,63.0,Female,New Olivia,Low,2023-05-20
2785,ca6c1f4e-b7cf-46a6-abd4-ddf01db1c975,57.0,Male,Beverlyton,Low,2023-08-31
2786,76d96f89-e423-4468-bd4c-5f20037bb251,68.0,Female,West David,Unknown,2022-04-29
2787,f4b55428-f12b-4cca-9600-d354423635c4,68.0,Male,Priceville,High,2023-06-19
2788,c5abc141-d6b8-46a6-8ff0-c67298460a8b,45.0,Female,Danastad,High,2023-01-08
2789,3c416f98-facf-4483-8f9d-db1816cebfe0,34.0,Female,Marshallland,High,2023-05-16
2790,c6f3aa4e-9147-4547-b2c9-b1aa7847d304,28.0,Male,South Leeville,Medium,2021-11-15
2791,43872b6a-ac3f-4119-9531-a148e6893eb3,33.0,Female,Wisechester,Low,2021-03-02
2792,cc69a111-0b82-4061-98f7-317b2ce823bd,30.0,Female,East Kimberlyport,High,2020-12-16
2793,aa21621d-ab9a-48fb-bf2d-0f83dcf73cfa,36.0,Male,West William,Unknown,2020-09-07
2794,5afd4ef3-4ce0-4cd8-8b04-31910c725733,45.0,Male,Port Eric,Low,2021-01-25
2795,dc8ac42f-4293-467b-8e8e-84706eba4be4,30.0,Male,New Travis,Low,2024-02-09
2796,979260bf-0557-470a-af19-5dea2a52bc20,39.0,Male,Kathybury,High,2020-11-14
2797,5a0cec22-9828-4fa3-88ec-435606899c30,55.0,Male,Williamsmouth,Low,2019-09-29
2798,02553723-9a52-4fe6-8dfb-bf8a1e7f31a9,23.0,Female,Brownland,Unknown,2022-10-07
2799,0c1f533d-fe58-40b1-acea-fdb78032d456,43.0,Female,Anthonymouth,Medium,2023-11-27
2800,904401cb-a9dd-47f2-8aa2-e884ae893026,45.0,Male,South Austinfort,Medium,2021-05-19
2801,f9c1271b-e0e8-4ffb-aa17-b90482df5382,54.0,Female,Mclaughlinville,Medium,2022-05-14
2802,1dbd5c77-77d7-4a40-a6b5-065e3f7970cf,63.0,Female,Johnbury,High,2024-04-07
2803,87b396df-5a80-447a-8bb5-4dbcec4f9a07,50.0,Female,East Howard,Low,2020-11-05
2804,a8636cc2-6df1-45e7-9142-daf1a21618be,31.0,Female,North Jennifer,High,2023-01-04
2805,daed6e57-46b1-4f52-8c48-ee0a39451370,21.0,Male,South Brettmouth,High,2022-09-27
2806,6b127843-0695-4af0-9350-bdbd39cf7128,64.0,Male,South Timothy,High,2022-05-06
2807,7a800872-d324-4cbd-b439-73a90907e19a,42.0,Male,East Lisa,Medium,2020-01-15
2808,6d34f2f6-7b86-438c-87a9-0d8da1151178,48.0,Female,Lake Cindyhaven,Medium,2022-02-19
2809,6c0b47c9-e467-433d-a0f1-9a6fe8adcd38,32.0,Female,South Jakeburgh,Medium,2020-02-18
2810,105cb802-0866-4111-bd51-75f58598eb73,46.0,Male,Suzanneberg,Medium,2019-10-19
2811,89f41e22-e9c3-496a-9f81-87dfeb5db821,38.0,Female,West Tamarahaven,Medium,2023-09-24
2812,eb104c87-4b1f-48de-ae0a-6615660b9041,61.0,Female,Luisville,Medium,2022-01-07
2813,7a63603b-38fb-4733-bb8c-c4faa632ab0d,41.0,Female,Johnmouth,Medium,2023-03-09
2814,cb5e4e77-f873-413d-9e16-c8922842d051,37.0,Male,Reidhaven,Low,2022-12-30
2815,1c0a6902-727d-4b3a-9019-ff8a4e6779cf,26.0,Male,North Rebeccafort,Medium,2024-05-12
2816,9af1e27c-d8ef-446d-a941-3991c0cff209,58.0,Female,South Randy,Low,2019-12-29
2817,e793093a-6f6d-41c2-afd5-d0b6bb69aa99,44.0,Male,South Sally,Low,2021-11-03
2818,24b043e8-6fca-4d86-95a8-837e0ca09072,46.0,Female,New Ann,High,2022-03-01
2819,85c270fd-b671-49cd-afb7-afaa1f66ea38,34.0,Female,Lake Joshua,Unknown,2021-06-18
2820,ac4f15cf-2b72-4696-bb7a-774b524f7cfd,49.0,Female,Stevenfort,High,2023-03-08
2821,c3534d19-4716-4c97-9c30-fdc33fc749f6,23.0,Male,North Eric,Medium,2023-03-04
2822,94e58d8c-228b-44a0-b759-2e26941068cc,55.0,Female,Marshallmouth,Medium,2021-09-06
2823,7df3505b-72cb-488c-8844-2f7f532d4db0,62.0,Female,New Jeffery,Low,2020-05-29
2824,a98c3096-f68e-4473-932a-a67dd7efd433,22.0,Female,East Elizabethport,Low,2022-04-12
2825,7fbc5847-a652-4fc8-a7d8-5e85d846e91b,53.0,Female,Paultown,Low,2020-06-11
2826,0305625f-6264-4666-ad6c-ae34df05d0d8,32.0,Female,Port Annshire,Medium,2024-06-08
2827,11c5d27b-7d65-4970-9ce0-960fa35a1f5f,67.0,Female,North Georgemouth,Low,2023-01-24
2828,4e2d8d82-8597-4dcb-85b6-c530f56d708a,59.0,Male,Reesechester,High,2019-11-15
2829,6ead7849-cb52-448a-9493-794a50e5456e,38.0,Male,South Markburgh,High,2022-04-04
2830,012ae657-f6e3-4ab1-aaf4-f93ae8962dd9,55.0,Male,Sarahville,Low,2020-02-25
2831,c579a416-2c8c-46df-ba08-e43e243bd136,58.0,Male,Alecside,High,2020-04-13
2832,58aa2ad8-c939-4b1f-aef8-27708b775c44,48.0,Female,New Tracey,Low,2021-08-18
2833,ad34fd46-9220-4aa0-b3d8-857771c915be,44.0,Female,East Stephanie,Low,2021-04-23
2834,c3f22991-8910-4823-86e4-8637520d3952,45.0,Male,Christopherburgh,Unknown,2019-10-15
2835,4b489d2f-44a2-4d1c-9792-2e4d392d7d74,56.0,Female,West Jeffreystad,High,2020-05-09
2836,b69f9ff9-837b-4582-8187-1f2f28c6e2d2,20.0,Female,West Stevenfurt,Unknown,2023-01-04
2837,f3c5ed90-b092-407b-b79d-de8893ed319d,28.0,Female,East Antonio,High,2020-08-12
2838,a57a6e90-d751-466f-8d73-6f7f800ccc27,51.0,Male,New Cliffordchester,Unknown,2019-08-08
2839,4946e458-8116-457e-9d62-c452df28a1a9,43.0,Female,Mirandaside,Medium,2022-08-21
2840,bd957d6c-e7f6-4beb-8a2b-48293b432295,58.0,Female,Port Amanda,Medium,2020-05-21
2841,a94e3f55-2f0e-432e-8706-9815c4371376,41.0,Male,Obrienton,High,2022-08-15
2842,4631b6c9-4f98-4c82-9a40-21976450d667,67.0,Female,Darrellland,High,2024-02-10
2843,c39db678-b47a-49d2-b569-2e45050d1e0a,33.0,Female,Taylorshire,Medium,2020-10-21
2844,491afd61-c952-4837-bda6-12b46015ccfb,31.0,Male,North Lisaburgh,Low,2022-09-05
2845,8c2a3b88-0071-441b-98ec-b521f10ccdca,52.0,Male,West Crystalbury,Medium,2020-10-06
2846,3ab99bb9-92d4-45c1-adfc-ec3eec038b87,28.0,Female,Port Robertland,High,2024-04-06
2847,442035e0-e8f3-4958-b765-00181de92874,45.0,Male,Lindachester,Unknown,2021-09-03
2848,9243eebc-938f-480c-8564-16d503d250de,40.0,Female,Gomezview,High,2021-08-05
2849,57accb27-703d-4e74-8bf7-83363e7ff1c7,58.0,Female,West Brandon,Medium,2020-06-25
2850,94c04923-3a33-4e1f-8aba-51ce026d8cc7,40.0,Male,Alvarezport,Medium,2023-01-03
2851,f64f26c0-38ff-40d2-b22a-fc527d19dec3,68.0,Female,West Michael,Low,2020-11-21
2852,e2e10428-d74f-4310-b4a6-61fc5249dfa1,58.0,Female,Mitchellchester,Medium,2020-12-12
2853,9fdbee4b-8628-4a1d-ac7f-f210e1076709,45.0,Female,East Ariana,Medium,2020-11-03
2854,bd6137f7-c1cf-4ee2-be20-19982a7ffc8c,36.0,Female,Bradshawport,Low,2022-01-08
2855,fa34c74f-0db0-4879-9d53-d079f93b924d,29.0,Male,Timothyshire,Medium,2020-06-29
2856,be43e8db-0b64-425e-b11d-c15f19659bc2,59.0,Male,Mariastad,Medium,2020-03-06
2857,e61caa35-25d3-4132-8e2a-675d36c3d9d3,30.0,Male,Hillton,Low,2021-08-15
2858,10030064-23e3-441f-a020-2c1da548d02b,55.0,Male,Lake Martinburgh,Medium,2023-10-04
2859,7cb2fd7a-621d-454a-92da-556e6021e3e2,21.0,Male,South Krista,High,2019-12-22
2860,eebeecb0-6a24-488f-8f1b-b9b66e0652fc,37.0,Female,Randyport,High,2020-08-26
2861,5a746fb9-5a97-4743-b985-ce43d03ef86f,24.0,Male,Paigestad,Medium,2023-06-28
2862,a1b34f69-42df-4700-b878-f549f5a7f520,34.0,Female,Martinmouth,Medium,2021-07-13
2863,32ea36b7-323e-451a-8b46-7c3540e03d4d,63.0,Male,East Traci,Low,2024-06-11
2864,bc7da09a-533a-4209-ad68-c9e9c63cd2dd,57.0,Female,Reevesborough,Medium,2020-07-13
2865,9cf92a6b-b9da-46ec-bf56-0ea2c9255bda,68.0,Male,Michelleport,High,2021-04-15
2866,6ce19d4b-8794-4a6a-b479-6b46b786836b,45.0,Female,Guerraview,High,2021-12-25
2867,b707539e-7eaf-4c76-8a2f-944b44eee698,65.0,Female,Wendymouth,Medium,2021-12-29
2868,1d623917-5083-4420-99bf-79b1816e881a,25.0,Female,Port Jonathan,Medium,2023-01-23
2869,c964a44e-9457-4af8-a2f0-903fa35c491b,45.0,Male,East David,Unknown,2023-09-22
2870,a9658c6f-134f-421b-8b2e-fd4978c7a940,56.0,Male,Shawville,High,2020-07-01
2871,b83e1cca-2209-4309-b90a-b5b2a04e07e0,63.0,Female,East Samanthashire,Medium,2021-08-30
2872,1a8b9dc9-5e99-4e67-9333-a2017869f68a,42.0,Male,Port Jacobside,Low,2020-11-16
2873,52eb500a-0511-4085-8e1b-b823b3fd5522,53.0,Female,Blankenshipport,High,2021-11-22
2874,18e0f708-ed9b-4902-ad9d-968209ce021b,68.0,Female,Davidstad,Low,2022-07-28
2875,53576cf2-a4b7-49c4-b114-7914ce0a4837,27.0,Female,Lake Garyburgh,Low,2023-08-04
2876,3fbd3807-6610-4588-aa7f-fba7baaf308e,45.0,Female,East James,High,2020-07-27
2877,fa5c10b5-c09a-4de9-905a-20f880a5a6d5,43.0,Female,East Sarahshire,High,2020-02-23
2878,ed89b7fb-0b0a-4e28-b086-538479d7cd24,18.0,Female,Acevedofort,Medium,2021-11-02
2879,9910c552-b134-47d4-b34c-11221dc0d6e0,33.0,Female,Grahammouth,Low,2023-04-06
2880,f3f8dda4-749f-4890-b326-8d71bc938f73,30.0,Male,Andersonside,Medium,2022-02-24
2881,13c73f2c-056e-40c6-a61f-97d5790c504a,26.0,Male,West Joshuaville,Medium,2024-05-22
2882,c74dc709-15bb-4652-9930-1c5f5897bfe3,20.0,Female,Dawnmouth,High,2021-08-26
2883,2d07d545-2e4b-4a2f-b2db-f406600e32d4,45.0,Female,Lake Dylanchester,High,2019-07-29
2884,157d8d81-ca3d-45fb-8c15-cc19680d123c,30.0,Female,Millerside,Medium,2022-02-27
2885,ea1d9b0e-9f4a-4105-aa9c-14308856de89,49.0,Female,West Virginiahaven,Low,2020-09-18
2886,be60acaf-bfb7-46f3-84d6-9441ca18656c,29.0,Female,Joshuaton,Unknown,2023-12-26
2887,262adfc3-44ae-442d-a213-2d3eb9e668a3,18.0,Female,New Sean,High,2020-03-15
2888,73369b0f-4243-4a6c-8c5d-a57e0a1d8329,67.0,Female,Beckport,Low,2020-05-10
2889,0d2cf4cd-88a9-4d71-8ed7-0f70b450e4d2,45.0,Female,Paulside,Medium,2024-03-31
2890,e16afc7b-fbde-401e-8f45-e3b9169e7bf5,36.0,Male,West Frankport,Low,2024-01-18
2891,131e14c8-65bb-4559-9016-d0a0c4fc64e9,21.0,Male,West Tracyburgh,Low,2020-09-22
2892,66b56399-002c-42e1-8266-8c3e96e4a22a,45.0,Female,Shaneberg,Low,2023-05-25
2893,9ed2792c-bffb-472f-9c11-61bb7203b01f,57.0,Female,Port Hannahfurt,Unknown,2019-08-28
2894,634e5e49-50a3-492e-9482-b2ff4820cd3e,52.0,Male,Carrieton,Medium,2024-02-29
2895,6d1c4d81-a5b5-49d0-b19b-821b2da6ad21,68.0,Female,Guerraside,Low,2023-03-02
2896,0319aa2f-f571-4a05-8947-bd9c7e4ac2ee,54.0,Male,Michaelberg,High,2024-01-17
2897,a3824b0f-b72e-4c29-a242-b79c541895bb,18.0,Female,Reyesport,Low,2021-07-21
2898,31d9ec99-f02d-4c52-ae2f-eb87b0bbc5e9,63.0,Male,Huntertown,High,2020-11-03
2899,c3ee84bb-f586-4e4f-9d43-48af820faf03,64.0,Male,Jaimeland,Medium,2022-04-03
2900,28c29c18-0cbe-40ea-b218-a96430cc4409,31.0,Female,South Kristen,High,2022-12-10
2901,6e59e098-8292-440c-80b6-2d7bb27d5133,26.0,Male,Terrenceborough,Low,2020-02-11
2902,c19eaecc-f4b1-4c6b-adcf-d12795814955,28.0,Female,South Leonstad,Low,2023-07-12
2903,9f6760d0-6b6f-4ed5-88da-74787fcfa14b,45.0,Male,Jonesmouth,High,2021-09-28
2904,7120aefc-7d84-4981-b4ec-64e036fba72a,45.0,Female,Brownbury,Unknown,2023-10-01
2905,c5706872-5a61-4898-baaa-ec4b8d6b8abe,57.0,Female,Evansfurt,High,2019-12-14
2906,0ab0e741-f4ad-4d82-92c4-b5055b5c5549,26.0,Male,South Robertberg,Unknown,2019-07-14
2907,f8df7ba1-4e72-441f-b5fb-40b84666e1fd,59.0,Female,Port Christianshire,Medium,2023-08-01
2908,60978a24-9522-4d96-8eed-a1ddb6cede08,58.0,Male,New Christopher,Unknown,2024-04-25
2909,32a4577b-4dab-4ee7-86d5-4d7599354452,47.0,Female,Taylorfort,Low,2022-11-02
2910,62a49d2d-8ed5-4096-ad2c-c64135c6d35c,53.0,Male,Destinyton,High,2020-04-01
2911,9e5a62bf-b2cc-4743-b266-252c16a36f83,38.0,Male,Glennshire,High,2023-04-06
2912,e9cae5d3-0e6e-4f3d-95db-26bb00753913,45.0,Female,Marissatown,Medium,2021-10-16
2913,a319acae-e640-4d21-8215-b5b0eac9c64b,45.0,Male,East Samanthaburgh,High,2024-04-14
2914,fada14ce-2e20-4ebc-8d16-c1e021ee5e1c,45.0,Male,Burkeshire,Medium,2021-12-25
2915,939cf2d9-6764-404e-8ea8-ea5d283c3b8b,47.0,Female,East Jessicachester,High,2019-08-30
2916,730f04f4-652c-4eb0-ab28-4e63ca84e166,45.0,Female,Meganhaven,Low,2024-04-12
2917,39eb27d9-ad6e-434c-a065-ad089c6868df,66.0,Female,Perezside,Low,2021-11-28
2918,7c6ce8db-8f07-4d62-881d-c014dfdbc0d9,66.0,Female,Johnville,Medium,2022-09-16
2919,167f3b4b-5ad6-4fe0-a51d-8f1c52cbee27,40.0,Female,South Tinaberg,Low,2021-02-11
2920,f1f6626a-0ed5-4bc8-8a3a-511c3a1611fa,39.0,Male,Monroeport,Medium,2020-04-06
2921,f26e70b2-0535-4b15-a778-c10c1f0edfab,27.0,Male,Lake Holly,Medium,2023-08-19
2922,a64f3f8a-fcf3-4c3f-a8df-0abfbb05ac11,45.0,Female,Port David,Low,2023-06-27
2923,8ee20cff-febe-45d4-a160-adc6cef1e193,43.0,Male,West Joshua,Medium,2021-04-06
2924,02e7c42a-8322-405c-8fc5-d7728a09a5db,52.0,Female,Lake Angelaville,Unknown,2023-05-07
2925,571620a3-d3b9-461c-8b8d-54ccfdfa1a49,37.0,Female,Hobbsburgh,High,2020-02-04
2926,4f315837-37bd-49e5-abe7-019dabf585ee,38.0,Male,West Meredith,Medium,2020-02-09
2927,f9fdf9b8-7e7c-4169-b121-02cfde518b66,45.0,Female,Brennanburgh,High,2023-10-18
2928,99462720-beca-4890-852e-79d16990f055,41.0,Male,Jamesbury,Low,2022-03-27
2929,520cab97-4786-4b65-b40d-92d3e6f79e0d,25.0,Female,North Andreatown,Medium,2019-09-16
2930,390a3450-55ec-4a17-9a9b-02293e2b4c68,45.0,Male,Port Andreaside,Medium,2024-03-10
2931,8ee0d652-42be-43fa-940a-0489b7e73791,45.0,Female,East Jessica,Medium,2019-07-23
2932,38795c70-655b-40f0-bee1-cfc588d28848,62.0,Female,Downsport,Medium,2024-04-10
2933,499713c5-04d9-4f79-bd77-0d0e94208cd8,55.0,Male,Martinezview,High,2020-09-27
2934,d145e194-7272-4dd7-8ad9-2837f4672f8f,66.0,Female,Mosleystad,High,2020-10-30
2935,634c7c06-452c-4c20-85b5-6fbdcaf3d5f1,45.0,Male,Castanedaberg,High,2021-12-14
2936,ce17823d-388c-4b95-a747-f24fdef0ebe8,21.0,Female,Nataliemouth,Unknown,2020-09-18
2937,e54d1219-b6b3-4b5c-8b75-62f4148c23b6,27.0,Male,South Leroyberg,Low,2024-06-08
2938,8743ef03-ec99-48dd-83d2-af2e56fd5ea7,36.0,Male,East Amy,Low,2022-06-19
2939,f30941af-ee3c-4d65-93bf-517f9dc6f0da,24.0,Male,East Vanessafurt,High,2021-09-16
2940,f4f3f64f-4cb1-439a-b637-c1d0248c9338,32.0,Female,Reyesstad,High,2020-12-07
2941,babddffd-9064-4f6d-99fa-0ca97adefb69,68.0,Male,North Donnafurt,High,2020-06-22
2942,f50cdd04-dc3c-4259-aa56-ffbb357e0731,66.0,Male,Justinview,Medium,2020-11-04
2943,04a4a077-7839-48fb-b33d-50d81f4c1184,35.0,Female,Lake Steven,Medium,2020-07-12
2944,ed13064a-2580-4ab5-86fa-7d3c76aa0357,46.0,Female,Victoriafurt,Medium,2023-12-10
2945,d443aa55-3036-4b8b-a38a-5306f05bbe89,24.0,Male,South Holly,Low,2021-07-07
2946,bf516307-fb1c-4d71-9348-23cbc39d8eae,65.0,Female,Aliciachester,Low,2023-03-02
2947,5deb572f-01dc-4c1a-8989-e1494df43017,58.0,Male,New Steven,High,2021-12-18
2948,907c77af-245a-40dc-b8d2-9303993bcd81,31.0,Female,Gardnerhaven,High,2020-04-21
2949,b5f38234-8e05-4df6-aac3-f95d5ff82b7d,59.0,Male,Sandraton,Low,2023-05-26
2950,62a5ff3a-beb7-4c13-9c36-b5655a9f05b0,21.0,Male,North Heathershire,Unknown,2020-09-23
2951,321adc94-8a35-4998-bc17-0cacc00988f4,28.0,Female,West Amyland,Low,2021-03-29
2952,4e5864a3-6386-4d03-a1db-1e24f50e0128,50.0,Male,South Williammouth,High,2020-06-11
2953,bc75ec72-1e92-4d14-abe8-e47e8330def7,37.0,Female,Lake Julie,Medium,2021-02-15
2954,e556be3f-49dd-47c3-9bd1-6f2fb1b79d52,34.0,Male,East Katherinechester,High,2020-12-03
2955,e4785a5c-a70a-4db0-98d5-1d76175c4a94,66.0,Female,Christopherport,Low,2021-07-01
2956,9c2ebbeb-6db8-4943-8d4b-bffe5e36f92d,45.0,Male,Janetbury,Medium,2021-01-18
2957,78586d3b-92ef-43af-a075-0d31509b2844,45.0,Female,Mcclurestad,Low,2019-08-20
2958,609434d3-ad06-4c8a-ac6b-ac61f71516e3,19.0,Male,Sanchezchester,Medium,2020-10-07
2959,da87698d-922c-4830-b232-156f1a1b0f3a,67.0,Male,North Brandon,Low,2023-05-01
2960,20dc913a-94ba-45ca-8fc1-f47373e115a6,68.0,Male,New Kenneth,Low,2023-05-20
2961,48dda5f7-bde2-4df3-9493-d13b38f67d6a,47.0,Female,Ericstad,Medium,2020-10-01
2962,bd03c9f3-3c08-46af-a30c-e6291fa70cb5,40.0,Male,Port Jessicamouth,Medium,2021-08-25
2963,fdfb3ec4-9113-4b09-b597-19bf7d3cfd21,34.0,Male,Kirkmouth,High,2021-10-24
2964,c7638863-5d8c-4fa1-8c12-2b715d74cd68,35.0,Male,New Leahchester,High,2020-07-15
2965,0ade20e2-a4ff-40d2-b1b2-b8a04ee94c35,45.0,Female,South Michael,Medium,2023-11-22
2966,0f3d2119-da2a-435b-8f87-7aa1ef4ffa03,44.0,Male,New Antonio,Low,2021-02-11
2967,e4fb127d-c996-4947-b967-b53e770ed05f,31.0,Male,Castillotown,Medium,2023-10-22
2968,43ec68f5-4305-4b40-8ced-a187d00bb3f5,26.0,Female,Carrilloport,Low,2022-09-26
2969,cfd54725-4901-4a70-862f-2da2113346cd,34.0,Female,Danielfurt,High,2022-06-09
2970,800ad6ce-e283-4fd1-9974-e07577f1aa82,20.0,Male,Robinsonview,Unknown,2020-07-14
2971,3038055e-55da-4d47-8ca8-19c58b1964a5,62.0,Male,Jessicaland,High,2021-05-29
2972,89480374-82ec-44e5-ae61-bbed82bfd5b1,36.0,Female,North Debrastad,Low,2020-11-30
2973,f35c6e3f-2fac-4b7a-b713-863a0a37160c,21.0,Female,Port Natashaview,Low,2022-08-20
2974,66f2c023-a290-4565-a489-62464894f93e,58.0,Male,Lake Ashley,Medium,2019-08-18
2975,ba3f79ad-b3ab-47e5-8803-22cb4ea8cf13,68.0,Female,Rodriguezside,Unknown,2022-08-10
2976,243494b1-3978-4fad-8bbd-2d1f611fcf96,31.0,Male,Emilyfort,Low,2021-10-07
2977,fd24b1c5-a6ec-480a-b127-7354bce6e545,47.0,Male,Jacquelineview,Medium,2021-06-07
2978,2bdd585a-301b-4935-a32d-295b34e81010,43.0,Male,Lake Austin,Medium,2019-11-15
2979,d386662a-c1e2-4d7b-b6fc-ac6a9fbe4850,23.0,Male,North Jennifer,Low,2024-04-21
2980,81d08828-f894-4411-ad5f-81c47638d48b,49.0,Male,East Marc,High,2022-06-22
2981,56c37202-e78e-43ed-b919-ddb5da658d63,30.0,Female,Keyport,Low,2022-10-21
2982,ed671a87-e26e-4c7b-afcc-e3bee9427708,36.0,Female,West Robert,High,2022-02-25
2983,5cd1596e-3b34-4bfa-8b07-dd9fb9ea1845,68.0,Female,New Ronald,Low,2023-10-14
2984,a8a71d73-dbd1-4e77-b954-377417c88952,57.0,Male,Lake Kathleenmouth,Low,2023-06-20
2985,929e20a0-f1e7-4130-ba19-3a420f2311ac,36.0,Male,Jasonport,Medium,2022-02-19
2986,06177732-35a3-417b-9377-959d68b958b4,48.0,Female,Anthonyberg,High,2022-07-31
2987,2be2ab9c-5c01-42ff-a8a5-7ebb49905eb5,36.0,Male,Marcusberg,High,2022-03-30
2988,e492b3f7-f74b-4ac1-9d04-2cfc9d9afc43,25.0,Male,West Jessica,Medium,2019-12-16
2989,739fa2d6-461c-4d65-82e6-3b42c40ff5fe,45.0,Female,Lake Charles,High,2022-12-28
2990,ea2b290a-2a6a-4b85-8122-6af4345c0503,23.0,Female,Smithfurt,Medium,2020-02-14
2991,084a89ee-5eee-48c0-b30b-53da89258015,45.0,Male,East Nicholaston,Low,2023-01-13
2992,92d8fe98-faee-46c1-9fb3-b860fe226236,52.0,Female,New Jessicaborough,High,2022-09-15
2993,b22ea045-5ad5-47fd-a03a-6657307f82bf,45.0,Male,Port Ricardo,Low,2023-04-09
2994,c98edfc3-4819-4b2b-9af8-281ada990517,34.0,Male,Francesstad,Low,2020-07-26
2995,6b63bf58-e948-4fc5-aa41-727f7c044c97,45.0,Female,West Ashley,Low,2023-12-14
2996,3cdced98-055c-4037-a0a5-5f01cbc707b9,58.0,Female,New Anthony,Medium,2023-12-10
2997,1f0f2c2d-eb0a-4ffb-a21a-684f892bd7fd,59.0,Female,Vegafort,High,2022-04-28
2998,9eead230-c70b-473b-a234-7002688b42b6,64.0,Male,North Brian,High,2019-12-28
2999,db9c2206-4487-47e9-8fb0-0ddc81b7310c,45.0,Male,Stacyshire,Medium,2019-12-25
3004,3814b8e4-cade-4665-86af-dda3e3628f17,68.0,Female,Port Bonnieshire,Medium,2021-06-25
3024,08995799-8d0f-40d6-986b-452074709b5f,61.0,Male,New Lukeville,Medium,2020-03-28
3041,50465bde-6a9a-466d-804a-a8f046809a23,35.0,Male,Harrismouth,High,2023-08-02
3043,9612ee49-09dd-4f55-9524-9eb341efa2b9,28.0,Male,North Breanna,High,2020-07-30
3051,2cd16dfc-d7b0-47ec-9999-b018daea7f8d,52.0,Female,Lake Carloshaven,Medium,2024-05-02
3062,83355281-fda3-4776-9f9d-a812243c3b56,31.0,Female,Ashleychester,Medium,2024-04-15
3078,bb07fa4a-8680-4b77-b1ad-5d2f67570252,52.0,Male,Port Davidtown,High,2020-11-06
3079,c2351d11-59fe-4630-a6df-e01bc343de33,68.0,Female,East Pamela,Unknown,2022-02-04
3083,29436bcf-d6f8-44d1-a856-0794abb562ab,68.0,Female,New Fred,Low,2020-12-03
3085,1e9e7dcb-e612-46d3-bae6-0c2f47fa0220,44.0,Female,Brianmouth,Medium,2019-07-11
3087,835384f5-c976-481d-8961-cc827dc62c6b,60.0,Male,Stricklandport,High,2023-09-30
3119,89ca5faa-aba9-4b14-b3cd-cc6bf7fd95a2,55.0,Female,New Michael,Low,2024-01-18
3132,6b2f8f03-ab9e-48a6-a07e-10e794b04fe0,45.0,Male,Lake Karen,Low,2023-04-04
3138,7544489f-ec7e-48af-bec6-b6eab94a6e5c,68.0,Male,South Jared,High,2024-03-02
3145,5050eefe-2392-4d18-b4b6-913d42b9f62b,20.0,Female,Alexanderstad,High,2021-02-20
3149,890f10ce-36f6-4993-9a2e-a00dfdf01609,33.0,Female,Denisehaven,Low,2021-05-27
3150,76c1d696-0f1c-44b5-b749-8859545658eb,34.0,Female,South Frankside,High,2020-05-14
3162,b72f2a59-aab0-447d-bb31-9bdc1405cc72,34.0,Female,West Jason,High,2021-09-19
3165,48313b18-ccdb-4946-b958-1ebfc92dcc2a,59.0,Male,South Andrea,High,2020-02-26
3178,bbe76a26-234f-4a70-b71f-fa9b183f6353,45.0,Male,Gregoryfurt,High,2020-06-23
3183,7eb7f7df-9b0a-416a-829e-bcf4d8bd57dc,55.0,Male,New Anthonyland,High,2022-07-23
3186,ce5cf079-859b-43fa-9609-c6bb7e12c6b7,41.0,Female,Adrianhaven,Low,2024-01-10
3195,bbf7c36f-3745-4d3a-9e33-f927c2755f65,45.0,Female,Roberttown,Medium,2023-02-17
